1	AEQ_003	(0)	1	0.082	0.000	0.000	0.000	0.917
2	AEQ_004	(0)	1	0.106	0.000	0.000	0.000	0.893
3	AEQ_005	(1)	1	0.112	0.000	0.000	0.000	0.887
4	AEQ_006	(0)	1	0.121	0.000	0.000	0.000	0.878
5	AEQ_024	(0)	1	0.087	0.000	0.000	0.001	0.911
6	AEQ_025	(3)	1	0.117	0.003	0.001	0.002	0.877
7	ASJ001_06	(1)	2	0.295	0.002	0.221	0.075	0.406
8	ASJ001_08	(0)	2	0.297	0.000	0.168	0.047	0.488
9	ASJ001_09	(0)	2	0.301	0.037	0.140	0.066	0.455
10	ASJ001_10	(0)	2	0.257	0.000	0.208	0.057	0.478
11	ASJ001_12	(0)	2	0.318	0.006	0.158	0.068	0.450
12	ASJ004_21	(0)	2	0.315	0.005	0.167	0.057	0.456
13	ASJ004_22	(0)	2	0.379	0.001	0.180	0.050	0.390
14	ASJ006_01	(0)	2	0.350	0.000	0.099	0.073	0.478
15	ASJ006_02	(0)	2	0.343	0.000	0.128	0.072	0.457
16	ASJ007_02	(0)	2	0.328	0.014	0.162	0.077	0.419
17	ASJ007_03	(0)	2	0.375	0.007	0.154	0.069	0.396
18	Amac_001	(0)	3	0.082	0.000	0.815	0.096	0.007
19	Amac_002	(0)	3	0.017	0.000	0.847	0.135	0.001
20	Amac_003	(0)	3	0.033	0.053	0.844	0.069	0.001
21	Amac_004	(0)	3	0.000	0.003	0.812	0.183	0.002
22	Amac_007	(0)	3	0.038	0.000	0.795	0.101	0.065
23	Amac_008	(1)	3	0.020	0.000	0.712	0.187	0.080
24	Amac_016	(0)	3	0.080	0.000	0.781	0.088	0.051
25	Amac_018	(0)	3	0.046	0.000	0.832	0.113	0.010
26	Amac_020	(0)	3	0.090	0.002	0.803	0.018	0.087
27	Amac_022	(0)	3	0.019	0.055	0.804	0.121	0.001
28	Amac_027	(0)	3	0.086	0.000	0.757	0.141	0.016
29	C_Mad_051	(0)	4	0.023	0.071	0.798	0.071	0.037
30	C_Mad_052	(0)	4	0.009	0.090	0.828	0.072	0.001
31	C_Mad_055	(0)	4	0.070	0.077	0.736	0.066	0.050
32	C_Mad_058	(0)	4	0.043	0.230	0.651	0.075	0.001
33	Cairns_001	(1)	5	0.769	0.000	0.002	0.023	0.206
34	Cairns_005	(0)	5	0.734	0.000	0.003	0.027	0.236
35	Cairns_011	(1)	5	0.743	0.000	0.037	0.008	0.212
36	Cairns_013	(0)	5	1.000	0.000	0.000	0.000	0.000
37	Cairns_014	(0)	5	1.000	0.000	0.000	0.000	0.000
38	Cairns_015	(0)	5	0.980	0.000	0.000	0.000	0.019
39	Cairns_016	(0)	5	1.000	0.000	0.000	0.000	0.000
40	Cairns_017	(0)	5	1.000	0.000	0.000	0.000	0.000
41	Cairns_018	(0)	5	0.672	0.000	0.046	0.030	0.251
42	Cairns_022	(0)	5	0.716	0.000	0.012	0.013	0.259
43	Cairns_024	(0)	5	1.000	0.000	0.000	0.000	0.000
44	Cairns_025	(0)	5	0.651	0.012	0.121	0.001	0.215
45	Cal_022	(0)	6	0.001	0.114	0.812	0.053	0.020
46	Cal_023	(0)	6	0.002	0.130	0.821	0.001	0.045
47	CaliA_007	(0)	7	0.036	0.000	0.375	0.445	0.144
48	CaliA_008	(0)	7	0.041	0.000	0.373	0.437	0.149
49	CaliA_009	(0)	7	0.001	0.000	0.347	0.458	0.193
50	CaliA_010	(0)	7	0.000	0.000	0.377	0.490	0.132
51	CaliA_012	(0)	7	0.001	0.000	0.430	0.463	0.106
52	CaliA_013	(0)	7	0.047	0.000	0.394	0.411	0.148
53	CaliB_006	(0)	8	0.028	0.000	0.372	0.460	0.139
54	CaliB_007	(0)	8	0.092	0.000	0.390	0.388	0.130
55	CaliB_008	(1)	8	0.004	0.000	0.359	0.425	0.212
56	CaliB_009	(0)	8	0.052	0.000	0.344	0.453	0.150
57	CaliB_011	(0)	8	0.026	0.000	0.411	0.441	0.122
58	CaliB_012	(0)	8	0.084	0.001	0.375	0.441	0.099
59	Clovis_059	(1)	9	0.002	0.166	0.756	0.030	0.045
60	Clovis_062	(0)	9	0.016	0.110	0.844	0.030	0.001
61	D10w26_007	(1)	10	0.042	0.138	0.686	0.114	0.019
62	D10w29_009	(0)	10	0.000	0.145	0.641	0.210	0.004
63	D10w29_010	(0)	10	0.008	0.129	0.683	0.134	0.046
64	D11w25_001	(1)	10	0.014	0.109	0.633	0.194	0.051
65	D11w40_011	(0)	10	0.070	0.052	0.632	0.198	0.047
66	D11w40_012	(0)	10	0.068	0.078	0.714	0.107	0.034
67	D6w27_008	(0)	10	0.004	0.146	0.658	0.181	0.012
68	D6w30_005	(0)	10	0.044	0.156	0.660	0.122	0.018
69	D6w40_003	(0)	10	0.060	0.027	0.600	0.167	0.145
70	D7w26_004	(0)	10	0.039	0.138	0.584	0.205	0.033
71	D7w26_005	(0)	10	0.005	0.083	0.653	0.174	0.085
72	D7w30_004	(0)	10	0.033	0.134	0.585	0.194	0.053
73	FP_014	(0)	11	0.234	0.000	0.187	0.117	0.463
74	FP_027	(0)	11	0.229	0.000	0.226	0.102	0.443
75	FP_029	(0)	11	0.258	0.000	0.185	0.106	0.450
76	FP_037	(0)	11	0.232	0.000	0.157	0.144	0.466
77	FP_038	(0)	11	0.219	0.001	0.247	0.076	0.458
78	FP_040	(0)	11	0.247	0.000	0.172	0.113	0.468
79	FP_041	(0)	11	0.240	0.001	0.256	0.094	0.409
80	FP_042	(0)	11	0.228	0.000	0.247	0.084	0.441
81	FP_043	(0)	11	0.256	0.000	0.255	0.067	0.421
82	FP_046	(0)	11	0.339	0.002	0.199	0.100	0.360
83	FP_047	(0)	11	0.222	0.000	0.216	0.123	0.439
84	FP_048	(0)	11	0.306	0.000	0.151	0.119	0.423
85	Goud_001	(2)	12	0.048	0.598	0.215	0.094	0.044
86	Goud_003	(0)	12	0.035	0.795	0.070	0.098	0.002
87	Goud_004	(1)	12	0.000	0.974	0.025	0.001	0.000
88	Goud_005	(1)	12	0.052	0.720	0.110	0.096	0.022
89	Goud_006	(0)	12	0.032	0.650	0.178	0.125	0.015
90	Goud_007	(0)	12	0.049	0.612	0.191	0.119	0.029
91	Goud_008	(1)	12	0.000	0.741	0.157	0.099	0.003
92	Goud_009	(0)	12	0.016	0.423	0.303	0.199	0.059
93	Goud_010	(0)	12	0.085	0.581	0.200	0.095	0.040
94	Goud_011	(1)	12	0.052	0.598	0.227	0.120	0.003
95	Goud_012	(0)	12	0.056	0.585	0.196	0.128	0.034
96	Goud_02	(0)	12	0.037	0.384	0.325	0.212	0.042
97	HW_001	(0)	13	0.138	0.000	0.202	0.120	0.539
98	HW_002	(0)	13	0.169	0.000	0.131	0.102	0.598
99	HW_003	(2)	13	0.130	0.000	0.199	0.123	0.548
100	HW_004	(0)	13	0.211	0.000	0.168	0.059	0.561
101	HW_016	(0)	13	0.157	0.000	0.162	0.109	0.573
102	HW_019	(0)	13	0.234	0.001	0.172	0.088	0.506
103	Jac_001	(0)	14	0.000	0.000	0.000	0.999	0.000
104	Jac_002	(0)	14	0.009	0.010	0.051	0.927	0.003
105	Jac_003	(0)	14	0.004	0.000	0.001	0.963	0.032
106	Jac_004	(0)	14	0.000	0.012	0.008	0.980	0.000
107	Jac_005	(0)	14	0.000	0.000	0.006	0.994	0.000
108	Jac_006	(0)	14	0.001	0.000	0.009	0.990	0.000
109	Jac_007	(0)	14	0.000	0.000	0.001	0.998	0.000
110	Jac_008	(0)	14	0.000	0.000	0.000	0.999	0.000
111	Jac_009	(0)	14	0.000	0.000	0.000	1.000	0.000
112	Jac_010	(0)	14	0.011	0.004	0.082	0.903	0.000
113	Jac_011	(0)	14	0.000	0.000	0.000	0.999	0.000
114	Jac_012	(0)	14	0.000	0.000	0.000	1.000	0.000
115	Jac_013	(0)	14	0.000	0.000	0.001	0.998	0.001
116	Jac_014	(0)	14	0.000	0.001	0.020	0.979	0.000
117	Jac_015	(0)	14	0.000	0.002	0.005	0.993	0.000
118	Jac_016	(0)	14	0.000	0.000	0.000	0.999	0.000
119	Jac_017	(0)	14	0.000	0.000	0.002	0.997	0.000
120	Jac_018	(0)	14	0.022	0.002	0.001	0.974	0.000
121	Jac_019	(0)	14	0.001	0.000	0.004	0.995	0.000
122	Jac_020	(0)	14	0.001	0.000	0.050	0.949	0.000
123	Jac_021	(0)	14	0.000	0.000	0.000	0.999	0.000
124	Jac_022	(0)	14	0.001	0.000	0.000	0.959	0.040
125	Jac_023	(0)	14	0.000	0.000	0.031	0.969	0.000
126	Jac_024	(0)	14	0.001	0.000	0.002	0.982	0.016
127	Jac_025	(0)	14	0.000	0.000	0.001	0.997	0.001
128	Jac_026	(0)	14	0.000	0.005	0.038	0.956	0.001
129	Jac_027	(0)	14	0.018	0.000	0.001	0.980	0.000
130	Jac_028	(0)	14	0.002	0.000	0.012	0.983	0.002
131	Jac_036	(0)	14	0.038	0.075	0.795	0.092	0.001
132	Jac_041	(0)	14	0.000	0.000	0.000	0.999	0.000
133	Jac_076	(0)	14	0.000	0.000	0.000	1.000	0.000
134	Jac_078	(0)	14	0.002	0.000	0.034	0.963	0.001
135	Jac_079	(0)	14	0.001	0.003	0.011	0.985	0.000
136	Jac_081	(0)	14	0.001	0.000	0.000	0.999	0.001
137	Jac_082	(0)	14	0.006	0.001	0.008	0.985	0.001
138	Jac_083	(0)	14	0.001	0.000	0.001	0.986	0.012
139	Jac_086	(0)	14	0.001	0.000	0.002	0.996	0.000
140	Jac_090	(0)	14	0.000	0.000	0.000	0.999	0.000
141	Jac_091	(0)	14	0.000	0.000	0.001	0.999	0.000
142	Jac_092	(0)	14	0.000	0.000	0.002	0.998	0.000
143	Jac_094	(0)	14	0.000	0.000	0.001	0.999	0.000
144	Lun_001	(1)	15	0.000	1.000	0.000	0.000	0.000
145	Lun_008	(1)	15	0.000	0.999	0.000	0.000	0.000
146	Lun_009	(1)	15	0.000	1.000	0.000	0.000	0.000
147	Lun_010	(1)	15	0.000	1.000	0.000	0.000	0.000
148	Lun_011	(0)	15	0.000	1.000	0.000	0.000	0.000
149	Lun_012	(1)	15	0.000	1.000	0.000	0.000	0.000
150	Lun_013	(1)	15	0.000	1.000	0.000	0.000	0.000
151	Lun_014	(1)	15	0.001	0.996	0.002	0.000	0.001
152	Lun_015	(3)	15	0.003	0.965	0.020	0.002	0.010
153	Lun_016	(1)	15	0.000	1.000	0.000	0.000	0.000
154	Lun_017	(1)	15	0.000	1.000	0.000	0.000	0.000
155	Lun_02	(1)	15	0.000	1.000	0.000	0.000	0.000
156	Mar_001	(0)	16	0.003	0.002	0.234	0.697	0.064
157	Mar_003	(0)	16	0.046	0.000	0.321	0.524	0.109
158	Mar_004	(0)	16	0.026	0.000	0.240	0.681	0.053
159	Mar_005	(0)	16	0.097	0.000	0.302	0.522	0.079
160	Mar_006	(0)	16	0.032	0.000	0.280	0.556	0.132
161	Mar_007	(0)	16	0.047	0.000	0.289	0.557	0.107
162	Mar_008	(0)	16	0.000	0.000	0.316	0.598	0.085
163	Mar_009	(0)	16	0.059	0.006	0.278	0.575	0.082
164	Mar_011	(0)	16	0.038	0.000	0.323	0.575	0.064
165	Mar_012	(0)	16	0.060	0.000	0.275	0.581	0.084
166	Mar_013	(0)	16	0.060	0.001	0.388	0.492	0.059
167	Mar_02	(0)	16	0.051	0.000	0.367	0.502	0.079
168	NK_001	(12)	17	0.077	0.114	0.588	0.141	0.080
169	NK_002	(0)	17	0.067	0.037	0.625	0.219	0.052
170	NK_004	(2)	17	0.076	0.002	0.631	0.234	0.057
171	NK_006	(7)	17	0.071	0.047	0.567	0.262	0.052
172	NK_007	(0)	17	0.065	0.004	0.573	0.261	0.096
173	NK_008	(2)	17	0.123	0.025	0.563	0.251	0.038
174	NK_011	(3)	17	0.070	0.025	0.623	0.240	0.042
175	NK_012	(23)	17	0.116	0.154	0.443	0.128	0.159
176	NK_013	(2)	17	0.070	0.003	0.604	0.241	0.081
177	NK_016	(0)	17	0.084	0.001	0.652	0.219	0.044
178	NK_019	(0)	17	0.062	0.070	0.702	0.145	0.021
179	PR_045	(0)	18	0.106	0.010	0.508	0.259	0.117
180	PR_046	(0)	18	0.162	0.005	0.438	0.277	0.119
181	PR_047	(0)	18	0.106	0.000	0.508	0.261	0.125
182	PR_048	(0)	18	0.092	0.005	0.471	0.312	0.120
183	PR_049	(0)	18	0.120	0.001	0.460	0.300	0.120
184	PR_051	(0)	18	0.056	0.028	0.454	0.273	0.190
185	PR_052	(0)	18	0.082	0.004	0.539	0.199	0.176
186	PR_053	(0)	18	0.093	0.000	0.438	0.321	0.148
187	PR_054	(0)	18	0.117	0.000	0.484	0.237	0.162
188	PR_055	(0)	18	0.082	0.000	0.498	0.244	0.176
189	PR_056	(0)	18	0.078	0.012	0.488	0.278	0.145
190	PR_057	(0)	18	0.110	0.018	0.566	0.181	0.126
191	Sedh_001	(0)	19	0.038	0.557	0.304	0.100	0.001
192	Sedh_003	(0)	19	0.000	0.999	0.000	0.001	0.000
193	Sedh_004	(1)	19	0.000	1.000	0.000	0.000	0.000
194	Sedh_005	(0)	19	0.023	0.523	0.315	0.136	0.003
195	Sedh_006	(1)	19	0.000	1.000	0.000	0.000	0.000
196	Sedh_007	(1)	19	0.012	0.961	0.008	0.018	0.000
197	Sedh_009	(1)	19	0.000	1.000	0.000	0.000	0.000
198	Sedh_010	(3)	19	0.003	0.985	0.001	0.001	0.010
199	Sedh_011	(0)	19	0.044	0.662	0.194	0.095	0.004
200	Sedh_012	(1)	19	0.000	0.999	0.000	0.000	0.000
201	Sedh_013	(1)	19	0.025	0.746	0.147	0.071	0.011
202	Sedh_02	(0)	19	0.003	0.995	0.001	0.001	0.000
203	TH_01	(0)	20	0.049	0.000	0.000	0.006	0.945
204	TH_02	(0)	20	0.072	0.000	0.000	0.001	0.927
205	TH_03	(0)	20	0.033	0.000	0.000	0.000	0.967
206	TH_04	(0)	20	0.000	0.000	0.000	0.000	0.999
207	TH_05	(0)	20	0.000	0.000	0.000	0.000	1.000
208	TH_06	(0)	20	0.072	0.000	0.001	0.050	0.877
209	TH_07	(0)	20	0.000	0.000	0.000	0.000	0.999
210	TH_08	(0)	20	0.000	0.000	0.000	0.000	1.000
211	TH_09	(2)	20	0.057	0.001	0.001	0.021	0.920
212	TH_10	(0)	20	0.000	0.000	0.000	0.000	1.000
213	TH_11	(0)	20	0.003	0.000	0.000	0.000	0.997
214	TapaN_001	(1)	21	0.001	0.000	0.834	0.164	0.001
215	TapaN_002	(0)	21	0.090	0.000	0.821	0.086	0.004
216	TapaN_003	(0)	21	0.001	0.000	0.793	0.205	0.001
217	TapaN_004	(0)	21	0.001	0.000	0.842	0.156	0.001
218	TapaN_005	(0)	21	0.013	0.000	0.792	0.194	0.001
219	TapaN_006	(2)	21	0.019	0.001	0.848	0.131	0.000
220	TapaN_007	(0)	21	0.008	0.000	0.926	0.062	0.004
221	TapaN_008	(0)	21	0.000	0.000	0.722	0.257	0.020
222	TapaN_009	(0)	21	0.042	0.001	0.801	0.156	0.000
223	TapaN_010	(1)	21	0.009	0.000	0.843	0.148	0.001
224	TapaN_011	(0)	21	0.071	0.000	0.799	0.099	0.031
225	TapaN_012	(0)	21	0.000	0.000	0.885	0.112	0.002
226	Tucs_01	(0)	22	0.012	0.069	0.910	0.007	0.002
227	Tucs_02	(0)	22	0.000	0.161	0.839	0.000	0.000
228	Tucs_03	(0)	22	0.002	0.015	0.979	0.004	0.000
229	Tucs_04	(0)	22	0.000	0.083	0.917	0.000	0.000
230	Tucs_05	(0)	22	0.008	0.043	0.948	0.000	0.000
231	Tucs_06	(0)	22	0.000	0.027	0.941	0.021	0.011
232	Tucs_07	(0)	22	0.020	0.034	0.898	0.048	0.001
233	Tucs_08	(1)	22	0.002	0.030	0.967	0.001	0.000
234	Tucs_09	(0)	22	0.000	0.036	0.961	0.000	0.001
235	Tucs_10	(0)	22	0.000	0.051	0.948	0.000	0.000
236	Tucs_11	(0)	22	0.000	0.060	0.939	0.000	0.000
237	Tucs_12	(0)	22	0.023	0.037	0.889	0.029	0.022
