1	AEQ_003	(0)	1	0.000	0.000	0.000	0.302	0.697	0.000	0.000	0.000
2	AEQ_004	(0)	1	0.000	0.001	0.000	0.333	0.666	0.000	0.000	0.000
3	AEQ_005	(1)	1	0.000	0.001	0.000	0.325	0.673	0.000	0.000	0.000
4	AEQ_006	(0)	1	0.000	0.006	0.000	0.316	0.677	0.000	0.000	0.000
5	AEQ_024	(0)	1	0.000	0.000	0.000	0.297	0.702	0.000	0.000	0.000
6	AEQ_025	(3)	1	0.000	0.008	0.000	0.291	0.700	0.000	0.000	0.000
7	ASJ001_06	(1)	2	0.009	0.186	0.001	0.132	0.491	0.074	0.099	0.008
8	ASJ001_08	(0)	2	0.000	0.168	0.000	0.164	0.565	0.003	0.090	0.010
9	ASJ001_09	(0)	2	0.002	0.177	0.038	0.153	0.536	0.000	0.083	0.010
10	ASJ001_10	(0)	2	0.000	0.140	0.000	0.172	0.504	0.001	0.116	0.067
11	ASJ001_12	(0)	2	0.009	0.197	0.007	0.165	0.530	0.008	0.050	0.034
12	ASJ004_21	(0)	2	0.001	0.197	0.002	0.158	0.490	0.042	0.109	0.000
13	ASJ004_22	(0)	2	0.003	0.272	0.001	0.144	0.454	0.032	0.061	0.033
14	ASJ006_01	(0)	2	0.009	0.216	0.000	0.148	0.589	0.000	0.037	0.001
15	ASJ006_02	(0)	2	0.017	0.217	0.000	0.146	0.561	0.001	0.050	0.008
16	ASJ007_02	(0)	2	0.015	0.231	0.017	0.200	0.391	0.003	0.033	0.110
17	ASJ007_03	(0)	2	0.016	0.271	0.005	0.149	0.452	0.043	0.054	0.010
18	Amac_001	(0)	3	0.002	0.071	0.000	0.001	0.057	0.361	0.028	0.479
19	Amac_002	(0)	3	0.041	0.005	0.000	0.001	0.001	0.377	0.000	0.575
20	Amac_003	(0)	3	0.005	0.032	0.028	0.000	0.041	0.528	0.016	0.350
21	Amac_004	(0)	3	0.068	0.000	0.000	0.000	0.035	0.366	0.000	0.531
22	Amac_007	(0)	3	0.031	0.011	0.000	0.003	0.149	0.380	0.006	0.422
23	Amac_008	(1)	3	0.087	0.001	0.000	0.029	0.129	0.266	0.019	0.469
24	Amac_016	(0)	3	0.002	0.072	0.000	0.016	0.090	0.332	0.001	0.488
25	Amac_018	(0)	3	0.043	0.025	0.000	0.001	0.081	0.411	0.001	0.438
26	Amac_020	(0)	3	0.000	0.055	0.000	0.009	0.150	0.407	0.038	0.340
27	Amac_022	(0)	3	0.017	0.029	0.038	0.000	0.015	0.403	0.004	0.494
28	Amac_027	(0)	3	0.078	0.063	0.000	0.001	0.086	0.345	0.002	0.425
29	C_Mad_051	(0)	4	0.015	0.016	0.046	0.001	0.091	0.557	0.061	0.212
30	C_Mad_052	(0)	4	0.008	0.002	0.056	0.000	0.058	0.604	0.048	0.223
31	C_Mad_055	(0)	4	0.022	0.059	0.052	0.007	0.090	0.549	0.077	0.145
32	C_Mad_058	(0)	4	0.002	0.042	0.211	0.001	0.001	0.319	0.018	0.407
33	Cairns_001	(1)	5	0.002	0.680	0.000	0.075	0.240	0.000	0.003	0.000
34	Cairns_005	(0)	5	0.001	0.643	0.000	0.083	0.272	0.000	0.001	0.000
35	Cairns_011	(1)	5	0.001	0.654	0.000	0.073	0.257	0.003	0.012	0.000
36	Cairns_013	(0)	5	0.000	1.000	0.000	0.000	0.000	0.000	0.000	0.000
37	Cairns_014	(0)	5	0.000	1.000	0.000	0.000	0.000	0.000	0.000	0.000
38	Cairns_015	(0)	5	0.000	0.964	0.000	0.001	0.034	0.000	0.000	0.000
39	Cairns_016	(0)	5	0.000	1.000	0.000	0.000	0.000	0.000	0.000	0.000
40	Cairns_017	(0)	5	0.000	1.000	0.000	0.000	0.000	0.000	0.000	0.000
41	Cairns_018	(0)	5	0.001	0.593	0.000	0.111	0.252	0.000	0.024	0.018
42	Cairns_022	(0)	5	0.000	0.621	0.000	0.094	0.280	0.000	0.005	0.000
43	Cairns_024	(0)	5	0.000	1.000	0.000	0.000	0.000	0.000	0.000	0.000
44	Cairns_025	(0)	5	0.001	0.598	0.004	0.111	0.176	0.110	0.000	0.001
45	Cal_022	(0)	6	0.005	0.001	0.087	0.005	0.030	0.613	0.096	0.162
46	Cal_023	(0)	6	0.000	0.001	0.103	0.004	0.083	0.578	0.034	0.196
47	CaliA_007	(0)	7	0.207	0.009	0.000	0.006	0.003	0.042	0.723	0.009
48	CaliA_008	(0)	7	0.212	0.013	0.000	0.015	0.010	0.052	0.696	0.002
49	CaliA_009	(0)	7	0.000	0.000	0.000	0.000	0.000	0.000	1.000	0.000
50	CaliA_010	(0)	7	0.005	0.000	0.000	0.000	0.000	0.000	0.868	0.127
51	CaliA_012	(0)	7	0.002	0.000	0.000	0.000	0.000	0.000	0.879	0.119
52	CaliA_013	(0)	7	0.001	0.002	0.000	0.000	0.000	0.001	0.995	0.000
53	CaliB_006	(0)	8	0.271	0.001	0.000	0.006	0.101	0.061	0.444	0.116
54	CaliB_007	(0)	8	0.194	0.057	0.000	0.002	0.091	0.037	0.531	0.089
55	CaliB_008	(1)	8	0.225	0.000	0.000	0.033	0.143	0.060	0.461	0.077
56	CaliB_009	(0)	8	0.247	0.010	0.000	0.006	0.079	0.058	0.571	0.029
57	CaliB_011	(0)	8	0.239	0.002	0.000	0.013	0.045	0.057	0.545	0.098
58	CaliB_012	(0)	8	0.230	0.060	0.000	0.002	0.032	0.079	0.527	0.069
59	Clovis_059	(1)	9	0.000	0.001	0.142	0.002	0.082	0.483	0.032	0.258
60	Clovis_062	(0)	9	0.001	0.020	0.075	0.000	0.055	0.635	0.032	0.182
61	D10w26_007	(1)	10	0.026	0.032	0.123	0.000	0.053	0.387	0.115	0.264
62	D10w29_009	(0)	10	0.080	0.000	0.137	0.000	0.038	0.246	0.099	0.399
63	D10w29_010	(0)	10	0.038	0.003	0.119	0.001	0.075	0.346	0.163	0.255
64	D11w25_001	(1)	10	0.096	0.001	0.097	0.000	0.111	0.321	0.111	0.263
65	D11w40_011	(0)	10	0.074	0.059	0.051	0.021	0.013	0.190	0.129	0.464
66	D11w40_012	(0)	10	0.005	0.058	0.068	0.001	0.044	0.355	0.154	0.316
67	D6w27_008	(0)	10	0.079	0.001	0.137	0.000	0.050	0.292	0.064	0.378
68	D6w30_005	(0)	10	0.049	0.044	0.143	0.004	0.022	0.349	0.097	0.293
69	D6w40_003	(0)	10	0.055	0.027	0.023	0.003	0.227	0.242	0.158	0.266
70	D7w26_004	(0)	10	0.099	0.004	0.130	0.000	0.115	0.263	0.120	0.270
71	D7w26_005	(0)	10	0.085	0.001	0.073	0.021	0.098	0.318	0.122	0.282
72	D7w30_004	(0)	10	0.070	0.009	0.127	0.001	0.086	0.199	0.091	0.416
73	FP_014	(0)	11	0.002	0.080	0.000	0.048	0.769	0.002	0.099	0.000
74	FP_027	(0)	11	0.002	0.111	0.000	0.056	0.688	0.001	0.094	0.047
75	FP_029	(0)	11	0.001	0.123	0.000	0.068	0.683	0.000	0.120	0.004
76	FP_037	(0)	11	0.028	0.081	0.000	0.020	0.816	0.000	0.054	0.001
77	FP_038	(0)	11	0.001	0.078	0.001	0.069	0.708	0.015	0.088	0.041
78	FP_040	(0)	11	0.004	0.103	0.000	0.044	0.784	0.000	0.056	0.008
79	FP_041	(0)	11	0.001	0.108	0.001	0.043	0.664	0.011	0.127	0.044
80	FP_042	(0)	11	0.005	0.113	0.000	0.083	0.661	0.049	0.083	0.005
81	FP_043	(0)	11	0.000	0.129	0.000	0.042	0.659	0.046	0.122	0.001
82	FP_046	(0)	11	0.010	0.214	0.001	0.038	0.613	0.033	0.085	0.005
83	FP_047	(0)	11	0.014	0.090	0.000	0.048	0.707	0.019	0.120	0.001
84	FP_048	(0)	11	0.010	0.179	0.000	0.063	0.660	0.000	0.085	0.003
85	Goud_001	(2)	12	0.004	0.004	0.587	0.018	0.001	0.000	0.011	0.374
86	Goud_003	(0)	12	0.001	0.000	0.776	0.000	0.000	0.000	0.000	0.223
87	Goud_004	(1)	12	0.000	0.000	0.962	0.000	0.000	0.000	0.000	0.037
88	Goud_005	(1)	12	0.032	0.029	0.711	0.005	0.004	0.000	0.001	0.217
89	Goud_006	(0)	12	0.017	0.001	0.636	0.000	0.003	0.000	0.002	0.341
90	Goud_007	(0)	12	0.002	0.003	0.601	0.001	0.004	0.000	0.000	0.389
91	Goud_008	(1)	12	0.000	0.000	0.734	0.000	0.001	0.000	0.000	0.265
92	Goud_009	(0)	12	0.011	0.000	0.414	0.000	0.060	0.000	0.000	0.514
93	Goud_010	(0)	12	0.004	0.058	0.579	0.004	0.043	0.001	0.018	0.294
94	Goud_011	(1)	12	0.000	0.000	0.578	0.000	0.000	0.000	0.000	0.421
95	Goud_012	(0)	12	0.020	0.002	0.576	0.001	0.009	0.000	0.008	0.384
96	Goud_02	(0)	12	0.004	0.000	0.375	0.000	0.005	0.000	0.000	0.614
97	HW_001	(0)	13	0.010	0.002	0.000	0.059	0.897	0.025	0.006	0.001
98	HW_002	(0)	13	0.000	0.000	0.000	0.000	0.999	0.000	0.000	0.000
99	HW_003	(2)	13	0.005	0.000	0.000	0.062	0.912	0.009	0.010	0.001
100	HW_004	(0)	13	0.000	0.007	0.000	0.005	0.987	0.000	0.000	0.000
101	HW_016	(0)	13	0.000	0.000	0.000	0.000	0.999	0.000	0.000	0.000
102	HW_019	(0)	13	0.002	0.076	0.000	0.028	0.892	0.000	0.001	0.001
103	Jac_001	(0)	14	0.970	0.000	0.000	0.000	0.000	0.000	0.000	0.030
104	Jac_002	(0)	14	0.895	0.002	0.007	0.000	0.041	0.042	0.009	0.004
105	Jac_003	(0)	14	0.942	0.001	0.000	0.003	0.052	0.000	0.002	0.000
106	Jac_004	(0)	14	0.931	0.000	0.006	0.000	0.000	0.019	0.000	0.043
107	Jac_005	(0)	14	0.976	0.000	0.000	0.000	0.000	0.012	0.002	0.010
108	Jac_006	(0)	14	0.919	0.000	0.000	0.000	0.000	0.000	0.001	0.078
109	Jac_007	(0)	14	0.967	0.000	0.000	0.000	0.000	0.001	0.002	0.030
110	Jac_008	(0)	14	0.996	0.000	0.000	0.000	0.000	0.000	0.000	0.003
111	Jac_009	(0)	14	0.998	0.000	0.000	0.000	0.000	0.000	0.000	0.002
112	Jac_010	(0)	14	0.856	0.011	0.002	0.000	0.000	0.035	0.002	0.093
113	Jac_011	(0)	14	0.963	0.000	0.000	0.000	0.000	0.000	0.000	0.036
114	Jac_012	(0)	14	0.999	0.000	0.000	0.000	0.000	0.000	0.000	0.000
115	Jac_013	(0)	14	0.920	0.000	0.000	0.000	0.000	0.000	0.000	0.079
116	Jac_014	(0)	14	0.915	0.000	0.000	0.000	0.000	0.002	0.000	0.082
117	Jac_015	(0)	14	0.938	0.000	0.001	0.000	0.000	0.000	0.025	0.035
118	Jac_016	(0)	14	0.999	0.000	0.000	0.000	0.000	0.000	0.000	0.000
119	Jac_017	(0)	14	0.956	0.000	0.000	0.000	0.000	0.014	0.029	0.000
120	Jac_018	(0)	14	0.954	0.023	0.000	0.001	0.000	0.010	0.011	0.000
121	Jac_019	(0)	14	0.970	0.000	0.000	0.000	0.000	0.022	0.008	0.000
122	Jac_020	(0)	14	0.898	0.001	0.000	0.000	0.002	0.008	0.052	0.039
123	Jac_021	(0)	14	0.998	0.000	0.000	0.000	0.001	0.000	0.000	0.000
124	Jac_022	(0)	14	0.906	0.000	0.000	0.000	0.092	0.000	0.001	0.000
125	Jac_023	(0)	14	0.922	0.000	0.000	0.000	0.000	0.053	0.025	0.000
126	Jac_024	(0)	14	0.912	0.000	0.000	0.000	0.063	0.000	0.025	0.001
127	Jac_025	(0)	14	0.920	0.000	0.000	0.000	0.001	0.000	0.078	0.000
128	Jac_026	(0)	14	0.907	0.000	0.000	0.000	0.000	0.085	0.007	0.000
129	Jac_027	(0)	14	0.952	0.004	0.000	0.000	0.026	0.001	0.016	0.001
130	Jac_028	(0)	14	0.963	0.001	0.000	0.001	0.000	0.033	0.001	0.000
131	Jac_036	(0)	14	0.025	0.043	0.062	0.001	0.006	0.447	0.058	0.359
132	Jac_041	(0)	14	0.998	0.000	0.000	0.000	0.000	0.000	0.000	0.000
133	Jac_076	(0)	14	0.961	0.000	0.000	0.000	0.000	0.000	0.000	0.039
134	Jac_078	(0)	14	0.872	0.000	0.000	0.000	0.012	0.000	0.044	0.071
135	Jac_079	(0)	14	0.921	0.000	0.002	0.000	0.000	0.002	0.000	0.075
136	Jac_081	(0)	14	0.980	0.000	0.000	0.000	0.003	0.000	0.016	0.000
137	Jac_082	(0)	14	0.958	0.002	0.000	0.000	0.001	0.020	0.019	0.000
138	Jac_083	(0)	14	0.964	0.000	0.000	0.002	0.029	0.000	0.004	0.000
139	Jac_086	(0)	14	0.963	0.001	0.000	0.000	0.000	0.000	0.002	0.034
140	Jac_090	(0)	14	0.995	0.000	0.000	0.000	0.000	0.000	0.000	0.003
141	Jac_091	(0)	14	0.963	0.000	0.000	0.000	0.000	0.000	0.000	0.036
142	Jac_092	(0)	14	0.946	0.000	0.000	0.000	0.000	0.000	0.001	0.052
143	Jac_094	(0)	14	0.971	0.000	0.000	0.000	0.000	0.000	0.001	0.027
144	Lun_001	(1)	15	0.000	0.000	1.000	0.000	0.000	0.000	0.000	0.000
145	Lun_008	(1)	15	0.000	0.000	0.998	0.000	0.000	0.001	0.000	0.000
146	Lun_009	(1)	15	0.000	0.000	1.000	0.000	0.000	0.000	0.000	0.000
147	Lun_010	(1)	15	0.000	0.000	1.000	0.000	0.000	0.000	0.000	0.000
148	Lun_011	(0)	15	0.000	0.000	1.000	0.000	0.000	0.000	0.000	0.000
149	Lun_012	(1)	15	0.000	0.000	1.000	0.000	0.000	0.000	0.000	0.000
150	Lun_013	(1)	15	0.000	0.000	1.000	0.000	0.000	0.000	0.000	0.000
151	Lun_014	(1)	15	0.000	0.000	0.990	0.000	0.000	0.009	0.000	0.000
152	Lun_015	(3)	15	0.001	0.001	0.960	0.002	0.006	0.029	0.000	0.000
153	Lun_016	(1)	15	0.000	0.000	1.000	0.000	0.000	0.000	0.000	0.000
154	Lun_017	(1)	15	0.000	0.000	1.000	0.000	0.000	0.000	0.000	0.000
155	Lun_02	(1)	15	0.000	0.000	1.000	0.000	0.000	0.000	0.000	0.000
156	Mar_001	(0)	16	0.549	0.000	0.003	0.000	0.065	0.000	0.085	0.297
157	Mar_003	(0)	16	0.390	0.017	0.000	0.001	0.143	0.016	0.233	0.200
158	Mar_004	(0)	16	0.516	0.001	0.000	0.000	0.084	0.000	0.076	0.324
159	Mar_005	(0)	16	0.426	0.069	0.000	0.002	0.109	0.054	0.191	0.149
160	Mar_006	(0)	16	0.453	0.001	0.000	0.002	0.183	0.055	0.183	0.124
161	Mar_007	(0)	16	0.438	0.017	0.000	0.002	0.144	0.002	0.192	0.204
162	Mar_008	(0)	16	0.427	0.000	0.000	0.000	0.110	0.001	0.127	0.335
163	Mar_009	(0)	16	0.477	0.040	0.007	0.006	0.090	0.038	0.156	0.186
164	Mar_011	(0)	16	0.458	0.001	0.000	0.000	0.126	0.021	0.147	0.247
165	Mar_012	(0)	16	0.468	0.020	0.000	0.001	0.125	0.008	0.163	0.215
166	Mar_013	(0)	16	0.340	0.038	0.002	0.002	0.059	0.052	0.122	0.385
167	Mar_02	(0)	16	0.398	0.021	0.000	0.000	0.112	0.128	0.213	0.128
168	NK_001	(12)	17	0.049	0.062	0.108	0.036	0.052	0.244	0.143	0.305
169	NK_002	(0)	17	0.033	0.051	0.041	0.000	0.049	0.072	0.194	0.559
170	NK_004	(2)	17	0.062	0.047	0.001	0.002	0.071	0.053	0.118	0.646
171	NK_006	(7)	17	0.109	0.042	0.047	0.002	0.079	0.087	0.143	0.492
172	NK_007	(0)	17	0.064	0.005	0.009	0.000	0.172	0.009	0.130	0.611
173	NK_008	(2)	17	0.092	0.085	0.027	0.000	0.066	0.040	0.176	0.514
174	NK_011	(3)	17	0.071	0.035	0.023	0.000	0.090	0.084	0.127	0.570
175	NK_012	(23)	17	0.012	0.081	0.154	0.059	0.139	0.090	0.155	0.310
176	NK_013	(2)	17	0.053	0.007	0.004	0.000	0.173	0.037	0.116	0.610
177	NK_016	(0)	17	0.044	0.060	0.001	0.002	0.037	0.095	0.144	0.617
178	NK_019	(0)	17	0.004	0.052	0.063	0.001	0.028	0.226	0.110	0.516
179	PR_045	(0)	18	0.103	0.071	0.010	0.015	0.127	0.059	0.206	0.409
180	PR_046	(0)	18	0.153	0.127	0.003	0.028	0.119	0.063	0.201	0.307
181	PR_047	(0)	18	0.114	0.071	0.000	0.030	0.121	0.043	0.262	0.358
182	PR_048	(0)	18	0.124	0.046	0.002	0.004	0.149	0.000	0.212	0.462
183	PR_049	(0)	18	0.134	0.088	0.001	0.029	0.096	0.003	0.201	0.448
184	PR_051	(0)	18	0.116	0.006	0.024	0.035	0.223	0.058	0.320	0.218
185	PR_052	(0)	18	0.047	0.030	0.001	0.002	0.249	0.117	0.304	0.250
186	PR_053	(0)	18	0.199	0.054	0.000	0.004	0.195	0.081	0.242	0.224
187	PR_054	(0)	18	0.096	0.078	0.000	0.031	0.168	0.075	0.271	0.281
188	PR_055	(0)	18	0.110	0.042	0.000	0.031	0.207	0.079	0.257	0.274
189	PR_056	(0)	18	0.125	0.046	0.008	0.029	0.156	0.013	0.202	0.421
190	PR_057	(0)	18	0.062	0.088	0.009	0.032	0.117	0.224	0.242	0.226
191	Sedh_001	(0)	19	0.006	0.029	0.556	0.000	0.001	0.020	0.060	0.329
192	Sedh_003	(0)	19	0.000	0.000	0.998	0.000	0.000	0.000	0.001	0.000
193	Sedh_004	(1)	19	0.000	0.000	1.000	0.000	0.000	0.000	0.000	0.000
194	Sedh_005	(0)	19	0.049	0.005	0.520	0.000	0.007	0.090	0.111	0.218
195	Sedh_006	(1)	19	0.000	0.000	0.999	0.000	0.000	0.000	0.000	0.000
196	Sedh_007	(1)	19	0.001	0.005	0.957	0.000	0.000	0.000	0.006	0.030
197	Sedh_009	(1)	19	0.000	0.000	1.000	0.000	0.000	0.000	0.000	0.000
198	Sedh_010	(3)	19	0.001	0.002	0.985	0.009	0.001	0.001	0.001	0.000
199	Sedh_011	(0)	19	0.007	0.018	0.660	0.001	0.005	0.000	0.057	0.252
200	Sedh_012	(1)	19	0.000	0.000	0.999	0.000	0.000	0.000	0.000	0.000
201	Sedh_013	(1)	19	0.034	0.020	0.742	0.001	0.008	0.093	0.074	0.029
202	Sedh_02	(0)	19	0.000	0.002	0.993	0.000	0.000	0.003	0.001	0.000
203	TH_01	(0)	20	0.001	0.015	0.000	0.806	0.178	0.000	0.000	0.000
204	TH_02	(0)	20	0.000	0.064	0.000	0.932	0.001	0.000	0.000	0.002
205	TH_03	(0)	20	0.000	0.001	0.000	0.998	0.000	0.000	0.000	0.000
206	TH_04	(0)	20	0.000	0.001	0.000	0.997	0.001	0.000	0.000	0.000
207	TH_05	(0)	20	0.000	0.000	0.000	1.000	0.000	0.000	0.000	0.000
208	TH_06	(0)	20	0.005	0.056	0.000	0.805	0.077	0.000	0.001	0.057
209	TH_07	(0)	20	0.000	0.000	0.000	1.000	0.000	0.000	0.000	0.000
210	TH_08	(0)	20	0.000	0.000	0.000	1.000	0.000	0.000	0.000	0.000
211	TH_09	(2)	20	0.002	0.030	0.000	0.815	0.116	0.001	0.036	0.000
212	TH_10	(0)	20	0.000	0.000	0.000	1.000	0.000	0.000	0.000	0.000
213	TH_11	(0)	20	0.000	0.016	0.000	0.982	0.001	0.000	0.001	0.000
214	TapaN_001	(1)	21	0.000	0.000	0.000	0.000	0.000	0.001	0.000	0.998
215	TapaN_002	(0)	21	0.000	0.063	0.000	0.001	0.002	0.117	0.000	0.816
216	TapaN_003	(0)	21	0.013	0.000	0.000	0.000	0.001	0.088	0.047	0.850
217	TapaN_004	(0)	21	0.001	0.000	0.000	0.000	0.000	0.034	0.000	0.964
218	TapaN_005	(0)	21	0.010	0.007	0.000	0.000	0.001	0.054	0.001	0.927
219	TapaN_006	(2)	21	0.000	0.001	0.000	0.000	0.000	0.059	0.000	0.938
220	TapaN_007	(0)	21	0.000	0.000	0.000	0.000	0.001	0.137	0.000	0.860
221	TapaN_008	(0)	21	0.046	0.000	0.000	0.001	0.033	0.031	0.021	0.868
222	TapaN_009	(0)	21	0.002	0.025	0.000	0.000	0.000	0.095	0.001	0.876
223	TapaN_010	(1)	21	0.001	0.001	0.000	0.000	0.000	0.097	0.063	0.838
224	TapaN_011	(0)	21	0.001	0.053	0.000	0.028	0.002	0.089	0.000	0.827
225	TapaN_012	(0)	21	0.001	0.000	0.000	0.001	0.000	0.133	0.019	0.845
226	Tucs_01	(0)	22	0.002	0.028	0.017	0.002	0.007	0.881	0.032	0.030
227	Tucs_02	(0)	22	0.000	0.000	0.083	0.000	0.000	0.916	0.000	0.000
228	Tucs_03	(0)	22	0.001	0.000	0.000	0.000	0.001	0.997	0.000	0.000
229	Tucs_04	(0)	22	0.000	0.000	0.000	0.000	0.000	0.999	0.000	0.000
230	Tucs_05	(0)	22	0.000	0.033	0.001	0.000	0.002	0.909	0.018	0.036
231	Tucs_06	(0)	22	0.002	0.000	0.000	0.000	0.102	0.894	0.001	0.000
232	Tucs_07	(0)	22	0.029	0.030	0.002	0.000	0.015	0.821	0.058	0.046
233	Tucs_08	(1)	22	0.000	0.011	0.000	0.000	0.000	0.982	0.005	0.000
234	Tucs_09	(0)	22	0.000	0.000	0.000	0.003	0.004	0.990	0.002	0.000
235	Tucs_10	(0)	22	0.000	0.000	0.000	0.000	0.000	0.999	0.000	0.000
236	Tucs_11	(0)	22	0.000	0.000	0.000	0.000	0.000	0.999	0.000	0.000
237	Tucs_12	(0)	22	0.001	0.005	0.000	0.000	0.085	0.739	0.031	0.139
