1	AEQ_003	(0)	1	0.000	0.000	0.915	0.000	0.000	0.084	0.000
2	AEQ_004	(0)	1	0.000	0.000	0.892	0.000	0.000	0.107	0.000
3	AEQ_005	(1)	1	0.000	0.000	0.885	0.000	0.000	0.114	0.000
4	AEQ_006	(0)	1	0.000	0.000	0.876	0.000	0.000	0.123	0.000
5	AEQ_024	(0)	1	0.000	0.000	0.906	0.000	0.010	0.084	0.000
6	AEQ_025	(3)	1	0.001	0.003	0.876	0.001	0.001	0.117	0.001
7	ASJ001_06	(1)	2	0.065	0.001	0.396	0.204	0.000	0.283	0.050
8	ASJ001_08	(0)	2	0.002	0.000	0.472	0.236	0.000	0.285	0.005
9	ASJ001_09	(0)	2	0.000	0.038	0.435	0.218	0.000	0.284	0.024
10	ASJ001_10	(0)	2	0.001	0.000	0.465	0.280	0.000	0.246	0.007
11	ASJ001_12	(0)	2	0.004	0.008	0.440	0.202	0.001	0.308	0.038
12	ASJ004_21	(0)	2	0.045	0.004	0.445	0.172	0.000	0.304	0.030
13	ASJ004_22	(0)	2	0.016	0.001	0.383	0.208	0.001	0.369	0.022
14	ASJ006_01	(0)	2	0.001	0.000	0.466	0.153	0.000	0.337	0.044
15	ASJ006_02	(0)	2	0.001	0.000	0.443	0.186	0.000	0.328	0.041
16	ASJ007_02	(0)	2	0.001	0.014	0.408	0.219	0.002	0.316	0.040
17	ASJ007_03	(0)	2	0.031	0.006	0.387	0.167	0.000	0.365	0.045
18	Amac_001	(0)	3	0.306	0.000	0.004	0.580	0.000	0.079	0.031
19	Amac_002	(0)	3	0.331	0.000	0.000	0.583	0.016	0.007	0.062
20	Amac_003	(0)	3	0.481	0.029	0.001	0.429	0.000	0.039	0.021
21	Amac_004	(0)	3	0.326	0.000	0.001	0.537	0.034	0.000	0.101
22	Amac_007	(0)	3	0.328	0.000	0.064	0.494	0.033	0.034	0.048
23	Amac_008	(1)	3	0.216	0.000	0.073	0.576	0.001	0.017	0.117
24	Amac_016	(0)	3	0.279	0.000	0.047	0.571	0.000	0.081	0.021
25	Amac_018	(0)	3	0.363	0.000	0.009	0.517	0.003	0.045	0.063
26	Amac_020	(0)	3	0.367	0.000	0.071	0.478	0.000	0.084	0.000
27	Amac_022	(0)	3	0.361	0.023	0.001	0.493	0.066	0.013	0.043
28	Amac_027	(0)	3	0.297	0.000	0.011	0.519	0.000	0.083	0.089
29	C_Mad_051	(0)	4	0.527	0.040	0.041	0.314	0.003	0.027	0.047
30	C_Mad_052	(0)	4	0.577	0.053	0.002	0.309	0.001	0.010	0.048
31	C_Mad_055	(0)	4	0.516	0.045	0.057	0.257	0.005	0.075	0.046
32	C_Mad_058	(0)	4	0.288	0.190	0.000	0.395	0.081	0.040	0.005
33	Cairns_001	(1)	5	0.001	0.000	0.212	0.005	0.000	0.766	0.017
34	Cairns_005	(0)	5	0.000	0.000	0.237	0.023	0.000	0.727	0.012
35	Cairns_011	(1)	5	0.016	0.000	0.214	0.026	0.000	0.740	0.003
36	Cairns_013	(0)	5	0.000	0.000	0.000	0.000	0.000	1.000	0.000
37	Cairns_014	(0)	5	0.000	0.000	0.000	0.000	0.000	1.000	0.000
38	Cairns_015	(0)	5	0.000	0.000	0.020	0.000	0.000	0.979	0.000
39	Cairns_016	(0)	5	0.000	0.000	0.000	0.000	0.000	1.000	0.000
40	Cairns_017	(0)	5	0.000	0.000	0.000	0.000	0.000	1.000	0.000
41	Cairns_018	(0)	5	0.000	0.000	0.239	0.101	0.000	0.658	0.002
42	Cairns_022	(0)	5	0.001	0.000	0.252	0.038	0.000	0.707	0.001
43	Cairns_024	(0)	5	0.000	0.000	0.000	0.000	0.000	1.000	0.000
44	Cairns_025	(0)	5	0.117	0.005	0.222	0.003	0.001	0.651	0.001
45	Cal_022	(0)	6	0.578	0.082	0.028	0.278	0.000	0.002	0.033
46	Cal_023	(0)	6	0.539	0.099	0.046	0.314	0.000	0.002	0.000
47	CaliA_007	(0)	7	0.038	0.000	0.125	0.407	0.000	0.028	0.402
48	CaliA_008	(0)	7	0.050	0.000	0.129	0.389	0.000	0.036	0.396
49	CaliA_009	(0)	7	0.048	0.001	0.156	0.403	0.000	0.001	0.391
50	CaliA_010	(0)	7	0.000	0.000	0.089	0.512	0.023	0.000	0.376
51	CaliA_012	(0)	7	0.004	0.000	0.073	0.533	0.024	0.000	0.365
52	CaliA_013	(0)	7	0.097	0.000	0.119	0.385	0.000	0.045	0.354
53	CaliB_006	(0)	8	0.059	0.000	0.123	0.395	0.000	0.013	0.410
54	CaliB_007	(0)	8	0.032	0.000	0.115	0.430	0.000	0.083	0.340
55	CaliB_008	(1)	8	0.066	0.000	0.194	0.359	0.000	0.002	0.378
56	CaliB_009	(0)	8	0.048	0.000	0.132	0.364	0.000	0.044	0.412
57	CaliB_011	(0)	8	0.058	0.000	0.106	0.424	0.000	0.017	0.396
58	CaliB_012	(0)	8	0.078	0.000	0.082	0.368	0.001	0.077	0.395
59	Clovis_059	(1)	9	0.458	0.131	0.047	0.332	0.029	0.002	0.001
60	Clovis_062	(0)	9	0.596	0.070	0.000	0.298	0.000	0.033	0.002
61	D10w26_007	(1)	10	0.356	0.113	0.010	0.384	0.026	0.043	0.068
62	D10w29_009	(0)	10	0.216	0.126	0.001	0.490	0.039	0.000	0.128
63	D10w29_010	(0)	10	0.304	0.117	0.039	0.446	0.000	0.005	0.089
64	D11w25_001	(1)	10	0.297	0.093	0.046	0.397	0.012	0.008	0.147
65	D11w40_011	(0)	10	0.152	0.029	0.026	0.535	0.080	0.064	0.114
66	D11w40_012	(0)	10	0.318	0.063	0.023	0.468	0.006	0.066	0.056
67	D6w27_008	(0)	10	0.259	0.122	0.003	0.450	0.052	0.002	0.113
68	D6w30_005	(0)	10	0.312	0.136	0.011	0.403	0.017	0.043	0.079
69	D6w40_003	(0)	10	0.222	0.017	0.128	0.447	0.021	0.053	0.112
70	D7w26_004	(0)	10	0.242	0.118	0.020	0.400	0.040	0.034	0.147
71	D7w26_005	(0)	10	0.287	0.067	0.076	0.427	0.015	0.002	0.126
72	D7w30_004	(0)	10	0.170	0.110	0.035	0.481	0.065	0.027	0.113
73	FP_014	(0)	11	0.005	0.000	0.441	0.256	0.000	0.219	0.079
74	FP_027	(0)	11	0.001	0.000	0.422	0.314	0.000	0.214	0.048
75	FP_029	(0)	11	0.000	0.000	0.419	0.289	0.001	0.239	0.051
76	FP_037	(0)	11	0.000	0.000	0.437	0.264	0.001	0.212	0.086
77	FP_038	(0)	11	0.016	0.000	0.437	0.299	0.008	0.206	0.034
78	FP_040	(0)	11	0.000	0.000	0.436	0.285	0.000	0.228	0.050
79	FP_041	(0)	11	0.003	0.002	0.382	0.348	0.001	0.223	0.041
80	FP_042	(0)	11	0.032	0.000	0.422	0.279	0.000	0.218	0.048
81	FP_043	(0)	11	0.038	0.000	0.401	0.303	0.001	0.241	0.017
82	FP_046	(0)	11	0.022	0.002	0.344	0.251	0.001	0.324	0.057
83	FP_047	(0)	11	0.027	0.000	0.421	0.260	0.001	0.207	0.083
84	FP_048	(0)	11	0.000	0.000	0.398	0.239	0.001	0.291	0.071
85	Goud_001	(2)	12	0.000	0.437	0.002	0.021	0.532	0.003	0.004
86	Goud_003	(0)	12	0.000	0.570	0.000	0.000	0.430	0.000	0.000
87	Goud_004	(1)	12	0.000	0.840	0.000	0.000	0.160	0.000	0.000
88	Goud_005	(1)	12	0.016	0.566	0.004	0.001	0.382	0.031	0.001
89	Goud_006	(0)	12	0.000	0.487	0.000	0.001	0.511	0.000	0.001
90	Goud_007	(0)	12	0.000	0.376	0.000	0.000	0.623	0.000	0.000
91	Goud_008	(1)	12	0.000	0.573	0.000	0.000	0.427	0.000	0.000
92	Goud_009	(0)	12	0.000	0.214	0.000	0.064	0.718	0.000	0.003
93	Goud_010	(0)	12	0.043	0.420	0.015	0.002	0.461	0.059	0.001
94	Goud_011	(1)	12	0.000	0.286	0.000	0.000	0.714	0.000	0.000
95	Goud_012	(0)	12	0.000	0.360	0.000	0.000	0.640	0.000	0.000
96	Goud_02	(0)	12	0.000	0.112	0.000	0.000	0.888	0.000	0.000
97	HW_001	(0)	13	0.017	0.000	0.518	0.253	0.001	0.127	0.083
98	HW_002	(0)	13	0.000	0.000	0.563	0.232	0.000	0.151	0.053
99	HW_003	(2)	13	0.021	0.000	0.524	0.250	0.000	0.119	0.087
100	HW_004	(0)	13	0.000	0.000	0.529	0.267	0.007	0.192	0.005
101	HW_016	(0)	13	0.000	0.000	0.537	0.271	0.000	0.136	0.056
102	HW_019	(0)	13	0.000	0.000	0.480	0.240	0.026	0.216	0.038
103	Jac_001	(0)	14	0.000	0.000	0.000	0.001	0.000	0.000	0.998
104	Jac_002	(0)	14	0.037	0.007	0.003	0.025	0.000	0.010	0.917
105	Jac_003	(0)	14	0.000	0.000	0.035	0.000	0.000	0.004	0.961
106	Jac_004	(0)	14	0.022	0.009	0.000	0.002	0.000	0.000	0.967
107	Jac_005	(0)	14	0.010	0.000	0.000	0.001	0.000	0.000	0.989
108	Jac_006	(0)	14	0.000	0.000	0.000	0.028	0.016	0.000	0.955
109	Jac_007	(0)	14	0.001	0.000	0.000	0.003	0.000	0.000	0.996
110	Jac_008	(0)	14	0.000	0.000	0.000	0.000	0.000	0.000	0.999
111	Jac_009	(0)	14	0.000	0.000	0.000	0.000	0.000	0.000	0.999
112	Jac_010	(0)	14	0.028	0.002	0.000	0.081	0.000	0.006	0.882
113	Jac_011	(0)	14	0.000	0.000	0.000	0.001	0.001	0.000	0.997
114	Jac_012	(0)	14	0.000	0.000	0.000	0.000	0.000	0.000	0.999
115	Jac_013	(0)	14	0.000	0.000	0.000	0.038	0.000	0.000	0.962
116	Jac_014	(0)	14	0.006	0.000	0.000	0.037	0.001	0.000	0.956
117	Jac_015	(0)	14	0.001	0.001	0.000	0.018	0.005	0.000	0.975
118	Jac_016	(0)	14	0.000	0.000	0.000	0.000	0.000	0.000	0.999
119	Jac_017	(0)	14	0.014	0.000	0.000	0.000	0.000	0.000	0.986
120	Jac_018	(0)	14	0.010	0.000	0.000	0.000	0.000	0.021	0.967
121	Jac_019	(0)	14	0.016	0.000	0.000	0.000	0.000	0.000	0.983
122	Jac_020	(0)	14	0.007	0.000	0.000	0.053	0.001	0.001	0.938
123	Jac_021	(0)	14	0.000	0.000	0.000	0.000	0.000	0.000	0.999
124	Jac_022	(0)	14	0.000	0.000	0.040	0.000	0.000	0.000	0.959
125	Jac_023	(0)	14	0.051	0.000	0.000	0.000	0.000	0.000	0.948
126	Jac_024	(0)	14	0.000	0.000	0.007	0.028	0.000	0.000	0.964
127	Jac_025	(0)	14	0.001	0.000	0.002	0.003	0.000	0.000	0.994
128	Jac_026	(0)	14	0.076	0.000	0.000	0.000	0.000	0.000	0.923
129	Jac_027	(0)	14	0.001	0.000	0.000	0.003	0.000	0.020	0.975
130	Jac_028	(0)	14	0.024	0.000	0.001	0.000	0.000	0.001	0.974
131	Jac_036	(0)	14	0.403	0.051	0.001	0.433	0.028	0.039	0.045
132	Jac_041	(0)	14	0.000	0.000	0.000	0.000	0.000	0.000	0.999
133	Jac_076	(0)	14	0.000	0.000	0.000	0.001	0.000	0.000	0.999
134	Jac_078	(0)	14	0.000	0.000	0.000	0.080	0.000	0.000	0.918
135	Jac_079	(0)	14	0.002	0.003	0.000	0.040	0.000	0.000	0.954
136	Jac_081	(0)	14	0.000	0.000	0.000	0.000	0.000	0.000	0.999
137	Jac_082	(0)	14	0.021	0.000	0.000	0.000	0.000	0.001	0.976
138	Jac_083	(0)	14	0.000	0.000	0.014	0.001	0.000	0.001	0.983
139	Jac_086	(0)	14	0.000	0.000	0.000	0.010	0.001	0.001	0.987
140	Jac_090	(0)	14	0.000	0.000	0.000	0.000	0.000	0.000	0.999
141	Jac_091	(0)	14	0.000	0.000	0.000	0.001	0.001	0.000	0.998
142	Jac_092	(0)	14	0.001	0.000	0.000	0.008	0.001	0.000	0.990
143	Jac_094	(0)	14	0.000	0.000	0.000	0.002	0.000	0.000	0.997
144	Lun_001	(1)	15	0.000	0.999	0.000	0.000	0.001	0.000	0.000
145	Lun_008	(1)	15	0.003	0.995	0.000	0.000	0.001	0.001	0.000
146	Lun_009	(1)	15	0.000	1.000	0.000	0.000	0.000	0.000	0.000
147	Lun_010	(1)	15	0.000	1.000	0.000	0.000	0.000	0.000	0.000
148	Lun_011	(0)	15	0.000	1.000	0.000	0.000	0.000	0.000	0.000
149	Lun_012	(1)	15	0.000	1.000	0.000	0.000	0.000	0.000	0.000
150	Lun_013	(1)	15	0.000	1.000	0.000	0.000	0.000	0.000	0.000
151	Lun_014	(1)	15	0.008	0.987	0.001	0.000	0.003	0.001	0.000
152	Lun_015	(3)	15	0.022	0.939	0.005	0.000	0.031	0.001	0.001
153	Lun_016	(1)	15	0.000	1.000	0.000	0.000	0.000	0.000	0.000
154	Lun_017	(1)	15	0.000	1.000	0.000	0.000	0.000	0.000	0.000
155	Lun_02	(1)	15	0.000	1.000	0.000	0.000	0.000	0.000	0.000
156	Mar_001	(0)	16	0.000	0.000	0.033	0.310	0.049	0.001	0.607
157	Mar_003	(0)	16	0.003	0.000	0.088	0.393	0.000	0.041	0.474
158	Mar_004	(0)	16	0.000	0.000	0.026	0.364	0.024	0.009	0.578
159	Mar_005	(0)	16	0.027	0.000	0.068	0.328	0.000	0.091	0.486
160	Mar_006	(0)	16	0.029	0.000	0.116	0.318	0.000	0.021	0.516
161	Mar_007	(0)	16	0.001	0.000	0.083	0.376	0.000	0.038	0.502
162	Mar_008	(0)	16	0.000	0.000	0.050	0.424	0.029	0.000	0.497
163	Mar_009	(0)	16	0.015	0.007	0.071	0.316	0.001	0.055	0.536
164	Mar_011	(0)	16	0.004	0.000	0.043	0.400	0.013	0.027	0.512
165	Mar_012	(0)	16	0.002	0.000	0.061	0.349	0.009	0.048	0.530
166	Mar_013	(0)	16	0.036	0.001	0.027	0.456	0.037	0.048	0.395
167	Mar_02	(0)	16	0.101	0.000	0.063	0.329	0.000	0.044	0.462
168	NK_001	(12)	17	0.207	0.105	0.068	0.455	0.009	0.069	0.086
169	NK_002	(0)	17	0.031	0.044	0.016	0.733	0.013	0.060	0.104
170	NK_004	(2)	17	0.001	0.000	0.018	0.767	0.049	0.058	0.106
171	NK_006	(7)	17	0.049	0.043	0.036	0.628	0.028	0.054	0.162
172	NK_007	(0)	17	0.000	0.001	0.047	0.753	0.045	0.036	0.118
173	NK_008	(2)	17	0.002	0.024	0.011	0.684	0.025	0.105	0.150
174	NK_011	(3)	17	0.044	0.018	0.012	0.711	0.038	0.052	0.125
175	NK_012	(23)	17	0.061	0.147	0.134	0.462	0.026	0.105	0.064
176	NK_013	(2)	17	0.002	0.001	0.034	0.772	0.038	0.043	0.109
177	NK_016	(0)	17	0.046	0.000	0.009	0.749	0.033	0.070	0.093
178	NK_019	(0)	17	0.183	0.056	0.009	0.606	0.040	0.051	0.053
179	PR_045	(0)	18	0.028	0.002	0.096	0.579	0.036	0.091	0.167
180	PR_046	(0)	18	0.033	0.001	0.100	0.465	0.041	0.147	0.213
181	PR_047	(0)	18	0.003	0.000	0.106	0.598	0.006	0.092	0.195
182	PR_048	(0)	18	0.000	0.000	0.083	0.604	0.050	0.067	0.195
183	PR_049	(0)	18	0.000	0.000	0.089	0.582	0.033	0.098	0.196
184	PR_051	(0)	18	0.033	0.027	0.168	0.512	0.002	0.044	0.214
185	PR_052	(0)	18	0.092	0.001	0.151	0.548	0.003	0.067	0.137
186	PR_053	(0)	18	0.052	0.000	0.128	0.459	0.002	0.082	0.276
187	PR_054	(0)	18	0.045	0.000	0.140	0.537	0.001	0.103	0.175
188	PR_055	(0)	18	0.043	0.000	0.154	0.546	0.000	0.067	0.190
189	PR_056	(0)	18	0.001	0.001	0.129	0.560	0.057	0.061	0.191
190	PR_057	(0)	18	0.203	0.005	0.113	0.426	0.020	0.103	0.130
191	Sedh_001	(0)	19	0.001	0.557	0.000	0.376	0.004	0.027	0.034
192	Sedh_003	(0)	19	0.000	0.998	0.000	0.001	0.000	0.000	0.001
193	Sedh_004	(1)	19	0.000	1.000	0.000	0.000	0.000	0.000	0.000
194	Sedh_005	(0)	19	0.056	0.521	0.001	0.323	0.000	0.012	0.086
195	Sedh_006	(1)	19	0.000	1.000	0.000	0.000	0.000	0.000	0.000
196	Sedh_007	(1)	19	0.000	0.935	0.000	0.011	0.046	0.005	0.002
197	Sedh_009	(1)	19	0.000	1.000	0.000	0.000	0.000	0.000	0.000
198	Sedh_010	(3)	19	0.000	0.985	0.009	0.001	0.000	0.004	0.001
199	Sedh_011	(0)	19	0.000	0.648	0.001	0.281	0.029	0.018	0.024
200	Sedh_012	(1)	19	0.000	0.990	0.000	0.000	0.009	0.000	0.000
201	Sedh_013	(1)	19	0.064	0.746	0.005	0.116	0.000	0.019	0.050
202	Sedh_02	(0)	19	0.001	0.997	0.000	0.001	0.000	0.001	0.000
203	TH_01	(0)	20	0.000	0.000	0.941	0.001	0.003	0.052	0.003
204	TH_02	(0)	20	0.000	0.000	0.923	0.001	0.002	0.073	0.000
205	TH_03	(0)	20	0.000	0.000	0.964	0.000	0.001	0.035	0.000
206	TH_04	(0)	20	0.000	0.000	0.999	0.000	0.000	0.000	0.000
207	TH_05	(0)	20	0.000	0.000	1.000	0.000	0.000	0.000	0.000
208	TH_06	(0)	20	0.000	0.000	0.868	0.035	0.011	0.067	0.018
209	TH_07	(0)	20	0.000	0.000	0.999	0.000	0.000	0.000	0.000
210	TH_08	(0)	20	0.000	0.000	1.000	0.000	0.000	0.000	0.000
211	TH_09	(2)	20	0.001	0.001	0.919	0.002	0.000	0.058	0.020
212	TH_10	(0)	20	0.000	0.000	1.000	0.000	0.000	0.000	0.000
213	TH_11	(0)	20	0.000	0.000	0.996	0.000	0.000	0.004	0.000
214	TapaN_001	(1)	21	0.000	0.000	0.000	0.981	0.018	0.000	0.001
215	TapaN_002	(0)	21	0.047	0.000	0.000	0.899	0.000	0.053	0.001
216	TapaN_003	(0)	21	0.010	0.000	0.000	0.941	0.000	0.000	0.049
217	TapaN_004	(0)	21	0.000	0.000	0.000	0.998	0.000	0.000	0.001
218	TapaN_005	(0)	21	0.000	0.000	0.000	0.962	0.002	0.002	0.033
219	TapaN_006	(2)	21	0.001	0.002	0.000	0.995	0.000	0.001	0.001
220	TapaN_007	(0)	21	0.077	0.000	0.000	0.922	0.000	0.000	0.000
221	TapaN_008	(0)	21	0.000	0.000	0.000	0.921	0.000	0.000	0.078
222	TapaN_009	(0)	21	0.015	0.001	0.000	0.930	0.009	0.017	0.028
223	TapaN_010	(1)	21	0.015	0.000	0.000	0.968	0.000	0.000	0.016
224	TapaN_011	(0)	21	0.005	0.000	0.004	0.933	0.000	0.056	0.001
225	TapaN_012	(0)	21	0.059	0.000	0.000	0.935	0.001	0.000	0.004
226	Tucs_01	(0)	22	0.869	0.011	0.008	0.078	0.000	0.033	0.002
227	Tucs_02	(0)	22	0.923	0.076	0.000	0.000	0.000	0.000	0.000
228	Tucs_03	(0)	22	0.998	0.000	0.000	0.000	0.000	0.000	0.001
229	Tucs_04	(0)	22	0.999	0.000	0.000	0.000	0.000	0.000	0.000
230	Tucs_05	(0)	22	0.883	0.000	0.000	0.082	0.000	0.033	0.000
231	Tucs_06	(0)	22	0.903	0.000	0.061	0.011	0.000	0.000	0.024
232	Tucs_07	(0)	22	0.808	0.001	0.001	0.107	0.001	0.037	0.046
233	Tucs_08	(1)	22	0.977	0.000	0.000	0.002	0.000	0.020	0.001
234	Tucs_09	(0)	22	0.985	0.000	0.013	0.001	0.000	0.001	0.000
235	Tucs_10	(0)	22	0.999	0.000	0.000	0.000	0.000	0.000	0.000
236	Tucs_11	(0)	22	0.999	0.000	0.000	0.000	0.000	0.000	0.000
237	Tucs_12	(0)	22	0.727	0.000	0.026	0.208	0.001	0.031	0.007
