1	AEQ_003	(0)	1	0.000	1.000	0.000
2	AEQ_004	(0)	1	0.000	0.999	0.000
3	AEQ_005	(1)	1	0.000	0.999	0.000
4	AEQ_006	(0)	1	0.000	0.999	0.001
5	AEQ_024	(0)	1	0.000	0.999	0.001
6	AEQ_025	(3)	1	0.001	0.997	0.002
7	ASJ001_06	(1)	2	0.010	0.855	0.135
8	ASJ001_08	(0)	2	0.001	0.910	0.089
9	ASJ001_09	(0)	2	0.039	0.862	0.098
10	ASJ001_10	(0)	2	0.001	0.884	0.115
11	ASJ001_12	(0)	2	0.011	0.880	0.109
12	ASJ004_21	(0)	2	0.013	0.890	0.097
13	ASJ004_22	(0)	2	0.005	0.896	0.099
14	ASJ006_01	(0)	2	0.000	0.906	0.094
15	ASJ006_02	(0)	2	0.000	0.896	0.104
16	ASJ007_02	(0)	2	0.021	0.853	0.126
17	ASJ007_03	(0)	2	0.012	0.878	0.111
18	Amac_001	(0)	3	0.041	0.574	0.385
19	Amac_002	(0)	3	0.094	0.476	0.430
20	Amac_003	(0)	3	0.163	0.485	0.352
21	Amac_004	(0)	3	0.081	0.433	0.485
22	Amac_007	(0)	3	0.044	0.586	0.371
23	Amac_008	(1)	3	0.046	0.527	0.427
24	Amac_016	(0)	3	0.028	0.595	0.377
25	Amac_018	(0)	3	0.046	0.543	0.411
26	Amac_020	(0)	3	0.104	0.630	0.265
27	Amac_022	(0)	3	0.150	0.447	0.403
28	Amac_027	(0)	3	0.041	0.557	0.402
29	C_Mad_051	(0)	4	0.156	0.510	0.334
30	C_Mad_052	(0)	4	0.190	0.451	0.359
31	C_Mad_055	(0)	4	0.152	0.544	0.304
32	C_Mad_058	(0)	4	0.307	0.395	0.298
33	Cairns_001	(1)	5	0.000	0.929	0.071
34	Cairns_005	(0)	5	0.000	0.946	0.054
35	Cairns_011	(1)	5	0.000	0.943	0.056
36	Cairns_013	(0)	5	0.000	0.998	0.002
37	Cairns_014	(0)	5	0.000	0.997	0.003
38	Cairns_015	(0)	5	0.009	0.990	0.001
39	Cairns_016	(0)	5	0.000	0.992	0.008
40	Cairns_017	(0)	5	0.004	0.996	0.000
41	Cairns_018	(0)	5	0.000	0.933	0.067
42	Cairns_022	(0)	5	0.000	0.957	0.043
43	Cairns_024	(0)	5	0.000	0.997	0.003
44	Cairns_025	(0)	5	0.031	0.922	0.047
45	Cal_022	(0)	6	0.217	0.468	0.315
46	Cal_023	(0)	6	0.234	0.499	0.268
47	CaliA_007	(0)	7	0.001	0.429	0.570
48	CaliA_008	(0)	7	0.001	0.436	0.563
49	CaliA_009	(0)	7	0.011	0.413	0.576
50	CaliA_010	(0)	7	0.017	0.340	0.643
51	CaliA_012	(0)	7	0.021	0.359	0.620
52	CaliA_013	(0)	7	0.013	0.455	0.531
53	CaliB_006	(0)	8	0.001	0.418	0.581
54	CaliB_007	(0)	8	0.001	0.471	0.528
55	CaliB_008	(1)	8	0.003	0.445	0.552
56	CaliB_009	(0)	8	0.010	0.424	0.566
57	CaliB_011	(0)	8	0.007	0.414	0.579
58	CaliB_012	(0)	8	0.016	0.413	0.571
59	Clovis_059	(1)	9	0.258	0.460	0.282
60	Clovis_062	(0)	9	0.224	0.466	0.310
61	D10w26_007	(1)	10	0.213	0.449	0.338
62	D10w29_009	(0)	10	0.219	0.331	0.450
63	D10w29_010	(0)	10	0.199	0.439	0.363
64	D11w25_001	(1)	10	0.176	0.405	0.420
65	D11w40_011	(0)	10	0.112	0.455	0.433
66	D11w40_012	(0)	10	0.161	0.491	0.348
67	D6w27_008	(0)	10	0.219	0.363	0.417
68	D6w30_005	(0)	10	0.226	0.433	0.340
69	D6w40_003	(0)	10	0.084	0.564	0.352
70	D7w26_004	(0)	10	0.200	0.404	0.397
71	D7w26_005	(0)	10	0.151	0.467	0.382
72	D7w30_004	(0)	10	0.199	0.408	0.393
73	FP_014	(0)	11	0.000	0.839	0.161
74	FP_027	(0)	11	0.004	0.835	0.161
75	FP_029	(0)	11	0.001	0.847	0.152
76	FP_037	(0)	11	0.000	0.825	0.175
77	FP_038	(0)	11	0.004	0.847	0.149
78	FP_040	(0)	11	0.000	0.848	0.152
79	FP_041	(0)	11	0.014	0.822	0.164
80	FP_042	(0)	11	0.000	0.841	0.158
81	FP_043	(0)	11	0.006	0.850	0.144
82	FP_046	(0)	11	0.009	0.836	0.155
83	FP_047	(0)	11	0.000	0.818	0.181
84	FP_048	(0)	11	0.001	0.841	0.159
85	Goud_001	(2)	12	0.624	0.209	0.167
86	Goud_003	(0)	12	0.803	0.073	0.124
87	Goud_004	(1)	12	0.984	0.002	0.014
88	Goud_005	(1)	12	0.733	0.133	0.135
89	Goud_006	(0)	12	0.670	0.145	0.185
90	Goud_007	(0)	12	0.633	0.185	0.182
91	Goud_008	(1)	12	0.762	0.068	0.170
92	Goud_009	(0)	12	0.453	0.241	0.306
93	Goud_010	(0)	12	0.602	0.230	0.168
94	Goud_011	(1)	12	0.625	0.173	0.203
95	Goud_012	(0)	12	0.606	0.200	0.194
96	Goud_02	(0)	12	0.417	0.249	0.334
97	HW_001	(0)	13	0.000	0.835	0.165
98	HW_002	(0)	13	0.000	0.881	0.119
99	HW_003	(2)	13	0.001	0.835	0.164
100	HW_004	(0)	13	0.000	0.905	0.095
101	HW_016	(0)	13	0.000	0.864	0.136
102	HW_019	(0)	13	0.002	0.870	0.128
103	Jac_001	(0)	14	0.000	0.000	1.000
104	Jac_002	(0)	14	0.005	0.043	0.952
105	Jac_003	(0)	14	0.000	0.032	0.968
106	Jac_004	(0)	14	0.007	0.000	0.993
107	Jac_005	(0)	14	0.000	0.000	1.000
108	Jac_006	(0)	14	0.000	0.001	0.999
109	Jac_007	(0)	14	0.000	0.000	1.000
110	Jac_008	(0)	14	0.000	0.000	1.000
111	Jac_009	(0)	14	0.000	0.000	1.000
112	Jac_010	(0)	14	0.007	0.028	0.966
113	Jac_011	(0)	14	0.000	0.000	1.000
114	Jac_012	(0)	14	0.000	0.000	1.000
115	Jac_013	(0)	14	0.000	0.000	1.000
116	Jac_014	(0)	14	0.000	0.000	0.999
117	Jac_015	(0)	14	0.000	0.000	0.999
118	Jac_016	(0)	14	0.000	0.000	1.000
119	Jac_017	(0)	14	0.000	0.000	0.999
120	Jac_018	(0)	14	0.002	0.012	0.986
121	Jac_019	(0)	14	0.000	0.000	0.999
122	Jac_020	(0)	14	0.000	0.005	0.994
123	Jac_021	(0)	14	0.000	0.000	1.000
124	Jac_022	(0)	14	0.000	0.037	0.963
125	Jac_023	(0)	14	0.000	0.000	0.999
126	Jac_024	(0)	14	0.000	0.012	0.988
127	Jac_025	(0)	14	0.000	0.001	0.999
128	Jac_026	(0)	14	0.002	0.003	0.995
129	Jac_027	(0)	14	0.000	0.006	0.994
130	Jac_028	(0)	14	0.000	0.007	0.993
131	Jac_036	(0)	14	0.153	0.486	0.361
132	Jac_041	(0)	14	0.000	0.001	0.999
133	Jac_076	(0)	14	0.000	0.000	1.000
134	Jac_078	(0)	14	0.000	0.017	0.982
135	Jac_079	(0)	14	0.000	0.001	0.999
136	Jac_081	(0)	14	0.000	0.001	0.999
137	Jac_082	(0)	14	0.000	0.002	0.998
138	Jac_083	(0)	14	0.000	0.003	0.997
139	Jac_086	(0)	14	0.000	0.001	0.999
140	Jac_090	(0)	14	0.000	0.000	1.000
141	Jac_091	(0)	14	0.000	0.000	0.999
142	Jac_092	(0)	14	0.000	0.001	0.999
143	Jac_094	(0)	14	0.000	0.000	1.000
144	Lun_001	(1)	15	1.000	0.000	0.000
145	Lun_008	(1)	15	0.999	0.000	0.000
146	Lun_009	(1)	15	1.000	0.000	0.000
147	Lun_010	(1)	15	1.000	0.000	0.000
148	Lun_011	(0)	15	1.000	0.000	0.000
149	Lun_012	(1)	15	1.000	0.000	0.000
150	Lun_013	(1)	15	1.000	0.000	0.000
151	Lun_014	(1)	15	0.997	0.002	0.000
152	Lun_015	(3)	15	0.969	0.027	0.004
153	Lun_016	(1)	15	1.000	0.000	0.000
154	Lun_017	(1)	15	1.000	0.000	0.000
155	Lun_02	(1)	15	1.000	0.000	0.000
156	Mar_001	(0)	16	0.013	0.194	0.793
157	Mar_003	(0)	16	0.000	0.350	0.649
158	Mar_004	(0)	16	0.001	0.214	0.785
159	Mar_005	(0)	16	0.000	0.364	0.636
160	Mar_006	(0)	16	0.001	0.341	0.658
161	Mar_007	(0)	16	0.000	0.336	0.664
162	Mar_008	(0)	16	0.002	0.264	0.734
163	Mar_009	(0)	16	0.017	0.301	0.683
164	Mar_011	(0)	16	0.001	0.304	0.695
165	Mar_012	(0)	16	0.004	0.305	0.691
166	Mar_013	(0)	16	0.039	0.334	0.627
167	Mar_02	(0)	16	0.011	0.342	0.646
168	NK_001	(12)	17	0.176	0.482	0.342
169	NK_002	(0)	17	0.100	0.467	0.433
170	NK_004	(2)	17	0.056	0.492	0.452
171	NK_006	(7)	17	0.095	0.441	0.464
172	NK_007	(0)	17	0.054	0.490	0.456
173	NK_008	(2)	17	0.077	0.477	0.446
174	NK_011	(3)	17	0.079	0.467	0.454
175	NK_012	(23)	17	0.194	0.535	0.271
176	NK_013	(2)	17	0.059	0.497	0.444
177	NK_016	(0)	17	0.066	0.496	0.438
178	NK_019	(0)	17	0.150	0.460	0.390
179	PR_045	(0)	18	0.049	0.520	0.430
180	PR_046	(0)	18	0.039	0.534	0.426
181	PR_047	(0)	18	0.026	0.541	0.433
182	PR_048	(0)	18	0.043	0.488	0.470
183	PR_049	(0)	18	0.025	0.509	0.466
184	PR_051	(0)	18	0.063	0.527	0.410
185	PR_052	(0)	18	0.042	0.589	0.369
186	PR_053	(0)	18	0.014	0.519	0.468
187	PR_054	(0)	18	0.013	0.590	0.398
188	PR_055	(0)	18	0.018	0.580	0.402
189	PR_056	(0)	18	0.040	0.516	0.444
190	PR_057	(0)	18	0.078	0.574	0.349
191	Sedh_001	(0)	19	0.591	0.195	0.214
192	Sedh_003	(0)	19	0.999	0.000	0.001
193	Sedh_004	(1)	19	1.000	0.000	0.000
194	Sedh_005	(0)	19	0.556	0.200	0.244
195	Sedh_006	(1)	19	1.000	0.000	0.000
196	Sedh_007	(1)	19	0.964	0.006	0.030
197	Sedh_009	(1)	19	1.000	0.000	0.000
198	Sedh_010	(3)	19	0.986	0.013	0.001
199	Sedh_011	(0)	19	0.679	0.165	0.156
200	Sedh_012	(1)	19	1.000	0.000	0.000
201	Sedh_013	(1)	19	0.761	0.123	0.116
202	Sedh_02	(0)	19	0.998	0.001	0.001
203	TH_01	(0)	20	0.000	0.996	0.004
204	TH_02	(0)	20	0.000	0.998	0.002
205	TH_03	(0)	20	0.000	0.999	0.000
206	TH_04	(0)	20	0.000	1.000	0.000
207	TH_05	(0)	20	0.000	1.000	0.000
208	TH_06	(0)	20	0.000	0.953	0.047
209	TH_07	(0)	20	0.000	1.000	0.000
210	TH_08	(0)	20	0.000	1.000	0.000
211	TH_09	(2)	20	0.000	0.991	0.009
212	TH_10	(0)	20	0.000	1.000	0.000
213	TH_11	(0)	20	0.000	1.000	0.000
214	TapaN_001	(1)	21	0.024	0.492	0.484
215	TapaN_002	(0)	21	0.026	0.590	0.384
216	TapaN_003	(0)	21	0.033	0.454	0.512
217	TapaN_004	(0)	21	0.041	0.493	0.466
218	TapaN_005	(0)	21	0.044	0.476	0.480
219	TapaN_006	(2)	21	0.076	0.471	0.453
220	TapaN_007	(0)	21	0.062	0.564	0.374
221	TapaN_008	(0)	21	0.028	0.440	0.532
222	TapaN_009	(0)	21	0.077	0.467	0.455
223	TapaN_010	(1)	21	0.036	0.511	0.453
224	TapaN_011	(0)	21	0.017	0.598	0.385
225	TapaN_012	(0)	21	0.056	0.522	0.422
226	Tucs_01	(0)	22	0.191	0.520	0.289
227	Tucs_02	(0)	22	0.312	0.437	0.252
228	Tucs_03	(0)	22	0.156	0.512	0.332
229	Tucs_04	(0)	22	0.233	0.479	0.289
230	Tucs_05	(0)	22	0.183	0.542	0.275
231	Tucs_06	(0)	22	0.152	0.537	0.311
232	Tucs_07	(0)	22	0.130	0.532	0.338
233	Tucs_08	(1)	22	0.164	0.521	0.315
234	Tucs_09	(0)	22	0.168	0.537	0.295
235	Tucs_10	(0)	22	0.177	0.506	0.318
236	Tucs_11	(0)	22	0.221	0.482	0.297
237	Tucs_12	(0)	22	0.127	0.537	0.336
