1	AEQ_003	(0)	1	0.000	1.000	0.000	0.000
2	AEQ_004	(0)	1	0.000	0.999	0.000	0.000
3	AEQ_005	(1)	1	0.000	0.999	0.000	0.000
4	AEQ_006	(0)	1	0.000	0.999	0.000	0.000
5	AEQ_024	(0)	1	0.000	0.999	0.000	0.000
6	AEQ_025	(3)	1	0.001	0.994	0.001	0.003
7	ASJ001_06	(1)	2	0.222	0.700	0.075	0.002
8	ASJ001_08	(0)	2	0.164	0.791	0.045	0.000
9	ASJ001_09	(0)	2	0.138	0.759	0.064	0.039
10	ASJ001_10	(0)	2	0.201	0.743	0.056	0.000
11	ASJ001_12	(0)	2	0.155	0.770	0.067	0.007
12	ASJ004_21	(0)	2	0.168	0.772	0.054	0.006
13	ASJ004_22	(0)	2	0.187	0.762	0.050	0.002
14	ASJ006_01	(0)	2	0.099	0.829	0.071	0.000
15	ASJ006_02	(0)	2	0.127	0.801	0.072	0.000
16	ASJ007_02	(0)	2	0.168	0.740	0.078	0.014
17	ASJ007_03	(0)	2	0.160	0.762	0.070	0.008
18	Amac_001	(0)	3	0.822	0.080	0.099	0.000
19	Amac_002	(0)	3	0.855	0.002	0.142	0.000
20	Amac_003	(0)	3	0.860	0.009	0.080	0.051
21	Amac_004	(0)	3	0.808	0.001	0.189	0.002
22	Amac_007	(0)	3	0.793	0.104	0.103	0.000
23	Amac_008	(1)	3	0.702	0.110	0.187	0.000
24	Amac_016	(0)	3	0.785	0.123	0.093	0.000
25	Amac_018	(0)	3	0.832	0.055	0.114	0.000
26	Amac_020	(0)	3	0.811	0.164	0.024	0.001
27	Amac_022	(0)	3	0.814	0.007	0.127	0.052
28	Amac_027	(0)	3	0.761	0.097	0.142	0.000
29	C_Mad_051	(0)	4	0.799	0.060	0.072	0.069
30	C_Mad_052	(0)	4	0.832	0.003	0.078	0.087
31	C_Mad_055	(0)	4	0.746	0.109	0.070	0.075
32	C_Mad_058	(0)	4	0.676	0.010	0.086	0.228
33	Cairns_001	(1)	5	0.084	0.860	0.056	0.000
34	Cairns_005	(0)	5	0.065	0.891	0.044	0.000
35	Cairns_011	(1)	5	0.145	0.837	0.017	0.000
36	Cairns_013	(0)	5	0.075	0.924	0.001	0.000
37	Cairns_014	(0)	5	0.002	0.983	0.015	0.000
38	Cairns_015	(0)	5	0.111	0.872	0.000	0.017
39	Cairns_016	(0)	5	0.011	0.964	0.025	0.000
40	Cairns_017	(0)	5	0.101	0.882	0.000	0.017
41	Cairns_018	(0)	5	0.098	0.856	0.046	0.000
42	Cairns_022	(0)	5	0.091	0.888	0.020	0.001
43	Cairns_024	(0)	5	0.001	0.987	0.012	0.000
44	Cairns_025	(0)	5	0.196	0.784	0.001	0.018
45	Cal_022	(0)	6	0.816	0.015	0.058	0.111
46	Cal_023	(0)	6	0.823	0.049	0.002	0.126
47	CaliA_007	(0)	7	0.362	0.193	0.445	0.000
48	CaliA_008	(0)	7	0.361	0.203	0.437	0.000
49	CaliA_009	(0)	7	0.328	0.208	0.464	0.000
50	CaliA_010	(0)	7	0.369	0.132	0.499	0.000
51	CaliA_012	(0)	7	0.419	0.113	0.468	0.000
52	CaliA_013	(0)	7	0.386	0.199	0.415	0.000
53	CaliB_006	(0)	8	0.359	0.182	0.459	0.000
54	CaliB_007	(0)	8	0.385	0.224	0.391	0.000
55	CaliB_008	(1)	8	0.339	0.233	0.428	0.000
56	CaliB_009	(0)	8	0.335	0.211	0.454	0.000
57	CaliB_011	(0)	8	0.399	0.160	0.440	0.000
58	CaliB_012	(0)	8	0.371	0.186	0.443	0.001
59	Clovis_059	(1)	9	0.759	0.045	0.034	0.162
60	Clovis_062	(0)	9	0.855	0.001	0.037	0.106
61	D10w26_007	(1)	10	0.688	0.060	0.116	0.136
62	D10w29_009	(0)	10	0.636	0.004	0.217	0.143
63	D10w29_010	(0)	10	0.675	0.062	0.135	0.127
64	D11w25_001	(1)	10	0.624	0.073	0.196	0.107
65	D11w40_011	(0)	10	0.633	0.112	0.203	0.052
66	D11w40_012	(0)	10	0.718	0.095	0.111	0.076
67	D6w27_008	(0)	10	0.651	0.021	0.184	0.143
68	D6w30_005	(0)	10	0.665	0.057	0.125	0.154
69	D6w40_003	(0)	10	0.596	0.210	0.169	0.025
70	D7w26_004	(0)	10	0.580	0.075	0.208	0.137
71	D7w26_005	(0)	10	0.645	0.100	0.174	0.081
72	D7w30_004	(0)	10	0.582	0.088	0.197	0.133
73	FP_014	(0)	11	0.174	0.712	0.114	0.000
74	FP_027	(0)	11	0.216	0.682	0.101	0.000
75	FP_029	(0)	11	0.178	0.717	0.106	0.000
76	FP_037	(0)	11	0.142	0.715	0.142	0.000
77	FP_038	(0)	11	0.235	0.691	0.074	0.001
78	FP_040	(0)	11	0.162	0.727	0.111	0.000
79	FP_041	(0)	11	0.245	0.662	0.093	0.001
80	FP_042	(0)	11	0.236	0.680	0.083	0.000
81	FP_043	(0)	11	0.248	0.685	0.066	0.000
82	FP_046	(0)	11	0.202	0.695	0.101	0.002
83	FP_047	(0)	11	0.205	0.674	0.121	0.000
84	FP_048	(0)	11	0.150	0.729	0.120	0.001
85	Goud_001	(2)	12	0.214	0.093	0.094	0.599
86	Goud_003	(0)	12	0.066	0.038	0.099	0.797
87	Goud_004	(1)	12	0.025	0.000	0.001	0.974
88	Goud_005	(1)	12	0.113	0.070	0.096	0.721
89	Goud_006	(0)	12	0.174	0.049	0.126	0.651
90	Goud_007	(0)	12	0.187	0.080	0.121	0.613
91	Goud_008	(1)	12	0.153	0.002	0.104	0.741
92	Goud_009	(0)	12	0.289	0.089	0.200	0.422
93	Goud_010	(0)	12	0.200	0.120	0.097	0.583
94	Goud_011	(1)	12	0.225	0.052	0.124	0.599
95	Goud_012	(0)	12	0.193	0.091	0.130	0.586
96	Goud_02	(0)	12	0.315	0.086	0.215	0.384
97	HW_001	(0)	13	0.179	0.705	0.116	0.000
98	HW_002	(0)	13	0.103	0.799	0.097	0.000
99	HW_003	(2)	13	0.174	0.707	0.119	0.000
100	HW_004	(0)	13	0.146	0.798	0.056	0.000
101	HW_016	(0)	13	0.131	0.765	0.105	0.000
102	HW_019	(0)	13	0.156	0.757	0.086	0.001
103	Jac_001	(0)	14	0.000	0.000	0.999	0.000
104	Jac_002	(0)	14	0.049	0.014	0.927	0.010
105	Jac_003	(0)	14	0.001	0.035	0.964	0.000
106	Jac_004	(0)	14	0.008	0.000	0.980	0.011
107	Jac_005	(0)	14	0.005	0.000	0.995	0.000
108	Jac_006	(0)	14	0.008	0.000	0.991	0.000
109	Jac_007	(0)	14	0.001	0.000	0.998	0.000
110	Jac_008	(0)	14	0.000	0.000	1.000	0.000
111	Jac_009	(0)	14	0.000	0.000	1.000	0.000
112	Jac_010	(0)	14	0.090	0.000	0.906	0.003
113	Jac_011	(0)	14	0.000	0.000	0.999	0.000
114	Jac_012	(0)	14	0.000	0.000	1.000	0.000
115	Jac_013	(0)	14	0.001	0.000	0.999	0.000
116	Jac_014	(0)	14	0.018	0.000	0.980	0.001
117	Jac_015	(0)	14	0.004	0.000	0.994	0.002
118	Jac_016	(0)	14	0.000	0.000	1.000	0.000
119	Jac_017	(0)	14	0.002	0.000	0.997	0.000
120	Jac_018	(0)	14	0.009	0.007	0.981	0.002
121	Jac_019	(0)	14	0.003	0.000	0.996	0.000
122	Jac_020	(0)	14	0.049	0.000	0.950	0.000
123	Jac_021	(0)	14	0.000	0.000	1.000	0.000
124	Jac_022	(0)	14	0.000	0.037	0.963	0.000
125	Jac_023	(0)	14	0.030	0.000	0.969	0.000
126	Jac_024	(0)	14	0.002	0.012	0.986	0.000
127	Jac_025	(0)	14	0.001	0.001	0.998	0.000
128	Jac_026	(0)	14	0.039	0.000	0.957	0.004
129	Jac_027	(0)	14	0.003	0.005	0.991	0.000
130	Jac_028	(0)	14	0.011	0.003	0.985	0.000
131	Jac_036	(0)	14	0.813	0.015	0.099	0.073
132	Jac_041	(0)	14	0.000	0.001	0.999	0.000
133	Jac_076	(0)	14	0.000	0.000	1.000	0.000
134	Jac_078	(0)	14	0.032	0.003	0.965	0.000
135	Jac_079	(0)	14	0.011	0.000	0.986	0.003
136	Jac_081	(0)	14	0.000	0.001	0.999	0.000
137	Jac_082	(0)	14	0.011	0.001	0.987	0.001
138	Jac_083	(0)	14	0.001	0.010	0.989	0.000
139	Jac_086	(0)	14	0.002	0.001	0.997	0.000
140	Jac_090	(0)	14	0.000	0.000	0.999	0.000
141	Jac_091	(0)	14	0.001	0.000	0.999	0.000
142	Jac_092	(0)	14	0.001	0.000	0.998	0.000
143	Jac_094	(0)	14	0.001	0.000	0.999	0.000
144	Lun_001	(1)	15	0.000	0.000	0.000	1.000
145	Lun_008	(1)	15	0.000	0.000	0.000	0.999
146	Lun_009	(1)	15	0.000	0.000	0.000	1.000
147	Lun_010	(1)	15	0.000	0.000	0.000	1.000
148	Lun_011	(0)	15	0.000	0.000	0.000	1.000
149	Lun_012	(1)	15	0.000	0.000	0.000	1.000
150	Lun_013	(1)	15	0.000	0.000	0.000	1.000
151	Lun_014	(1)	15	0.002	0.002	0.000	0.996
152	Lun_015	(3)	15	0.018	0.015	0.002	0.965
153	Lun_016	(1)	15	0.000	0.000	0.000	1.000
154	Lun_017	(1)	15	0.000	0.000	0.000	1.000
155	Lun_02	(1)	15	0.000	0.000	0.000	1.000
156	Mar_001	(0)	16	0.224	0.076	0.698	0.002
157	Mar_003	(0)	16	0.311	0.163	0.526	0.000
158	Mar_004	(0)	16	0.231	0.085	0.684	0.000
159	Mar_005	(0)	16	0.301	0.173	0.525	0.000
160	Mar_006	(0)	16	0.270	0.173	0.557	0.000
161	Mar_007	(0)	16	0.280	0.161	0.559	0.000
162	Mar_008	(0)	16	0.308	0.089	0.603	0.000
163	Mar_009	(0)	16	0.274	0.143	0.578	0.006
164	Mar_011	(0)	16	0.313	0.111	0.576	0.000
165	Mar_012	(0)	16	0.268	0.149	0.584	0.000
166	Mar_013	(0)	16	0.389	0.115	0.495	0.001
167	Mar_02	(0)	16	0.362	0.133	0.504	0.000
168	NK_001	(12)	17	0.594	0.149	0.144	0.113
169	NK_002	(0)	17	0.632	0.109	0.223	0.036
170	NK_004	(2)	17	0.632	0.128	0.238	0.002
171	NK_006	(7)	17	0.568	0.119	0.266	0.047
172	NK_007	(0)	17	0.565	0.167	0.264	0.004
173	NK_008	(2)	17	0.572	0.149	0.255	0.025
174	NK_011	(3)	17	0.623	0.108	0.244	0.025
175	NK_012	(23)	17	0.451	0.264	0.130	0.154
176	NK_013	(2)	17	0.597	0.156	0.244	0.003
177	NK_016	(0)	17	0.662	0.114	0.223	0.001
178	NK_019	(0)	17	0.710	0.071	0.150	0.069
179	PR_045	(0)	18	0.505	0.223	0.262	0.009
180	PR_046	(0)	18	0.445	0.267	0.282	0.005
181	PR_047	(0)	18	0.506	0.230	0.263	0.000
182	PR_048	(0)	18	0.465	0.215	0.315	0.005
183	PR_049	(0)	18	0.461	0.233	0.304	0.001
184	PR_051	(0)	18	0.441	0.259	0.273	0.027
185	PR_052	(0)	18	0.529	0.268	0.200	0.003
186	PR_053	(0)	18	0.430	0.246	0.323	0.000
187	PR_054	(0)	18	0.481	0.279	0.240	0.000
188	PR_055	(0)	18	0.490	0.265	0.245	0.000
189	PR_056	(0)	18	0.481	0.229	0.279	0.011
190	PR_057	(0)	18	0.573	0.226	0.184	0.018
191	Sedh_001	(0)	19	0.315	0.021	0.106	0.557
192	Sedh_003	(0)	19	0.000	0.000	0.001	0.999
193	Sedh_004	(1)	19	0.000	0.000	0.000	1.000
194	Sedh_005	(0)	19	0.314	0.026	0.138	0.523
195	Sedh_006	(1)	19	0.000	0.000	0.000	1.000
196	Sedh_007	(1)	19	0.014	0.001	0.022	0.962
197	Sedh_009	(1)	19	0.000	0.000	0.000	1.000
198	Sedh_010	(3)	19	0.000	0.013	0.001	0.985
199	Sedh_011	(0)	19	0.190	0.052	0.095	0.663
200	Sedh_012	(1)	19	0.000	0.000	0.000	1.000
201	Sedh_013	(1)	19	0.146	0.037	0.070	0.746
202	Sedh_02	(0)	19	0.002	0.001	0.001	0.996
203	TH_01	(0)	20	0.000	0.997	0.003	0.000
204	TH_02	(0)	20	0.000	0.998	0.001	0.000
205	TH_03	(0)	20	0.000	0.999	0.000	0.000
206	TH_04	(0)	20	0.000	1.000	0.000	0.000
207	TH_05	(0)	20	0.000	1.000	0.000	0.000
208	TH_06	(0)	20	0.001	0.952	0.048	0.000
209	TH_07	(0)	20	0.000	1.000	0.000	0.000
210	TH_08	(0)	20	0.000	1.000	0.000	0.000
211	TH_09	(2)	20	0.001	0.985	0.013	0.000
212	TH_10	(0)	20	0.000	1.000	0.000	0.000
213	TH_11	(0)	20	0.000	1.000	0.000	0.000
214	TapaN_001	(1)	21	0.831	0.001	0.168	0.000
215	TapaN_002	(0)	21	0.825	0.084	0.091	0.000
216	TapaN_003	(0)	21	0.788	0.001	0.211	0.000
217	TapaN_004	(0)	21	0.839	0.001	0.160	0.000
218	TapaN_005	(0)	21	0.797	0.003	0.200	0.000
219	TapaN_006	(2)	21	0.859	0.001	0.139	0.001
220	TapaN_007	(0)	21	0.923	0.012	0.065	0.000
221	TapaN_008	(0)	21	0.722	0.010	0.268	0.000
222	TapaN_009	(0)	21	0.824	0.004	0.171	0.001
223	TapaN_010	(1)	21	0.846	0.001	0.152	0.000
224	TapaN_011	(0)	21	0.802	0.096	0.102	0.000
225	TapaN_012	(0)	21	0.882	0.001	0.117	0.000
226	Tucs_01	(0)	22	0.916	0.006	0.013	0.065
227	Tucs_02	(0)	22	0.842	0.000	0.000	0.158
228	Tucs_03	(0)	22	0.984	0.001	0.005	0.010
229	Tucs_04	(0)	22	0.920	0.000	0.000	0.079
230	Tucs_05	(0)	22	0.959	0.001	0.001	0.040
231	Tucs_06	(0)	22	0.945	0.004	0.027	0.024
232	Tucs_07	(0)	22	0.911	0.002	0.055	0.032
233	Tucs_08	(1)	22	0.974	0.000	0.001	0.025
234	Tucs_09	(0)	22	0.965	0.001	0.000	0.033
235	Tucs_10	(0)	22	0.951	0.000	0.000	0.048
236	Tucs_11	(0)	22	0.944	0.000	0.000	0.056
237	Tucs_12	(0)	22	0.886	0.048	0.031	0.034
