1	AEQ_003	(0)	1	0.080	0.000	0.919	0.000	0.000	0.000
2	AEQ_004	(0)	1	0.103	0.000	0.896	0.000	0.000	0.000
3	AEQ_005	(1)	1	0.109	0.000	0.889	0.001	0.000	0.000
4	AEQ_006	(0)	1	0.120	0.000	0.879	0.000	0.000	0.000
5	AEQ_024	(0)	1	0.084	0.000	0.914	0.000	0.000	0.000
6	AEQ_025	(3)	1	0.114	0.001	0.879	0.001	0.001	0.004
7	ASJ001_06	(1)	2	0.295	0.060	0.407	0.088	0.149	0.001
8	ASJ001_08	(0)	2	0.297	0.020	0.485	0.011	0.187	0.000
9	ASJ001_09	(0)	2	0.297	0.038	0.449	0.001	0.176	0.039
10	ASJ001_10	(0)	2	0.257	0.021	0.477	0.011	0.234	0.000
11	ASJ001_12	(0)	2	0.317	0.045	0.447	0.018	0.166	0.007
12	ASJ004_21	(0)	2	0.315	0.042	0.456	0.062	0.121	0.003
13	ASJ004_22	(0)	2	0.377	0.028	0.389	0.035	0.169	0.001
14	ASJ006_01	(0)	2	0.347	0.051	0.476	0.001	0.125	0.000
15	ASJ006_02	(0)	2	0.340	0.049	0.453	0.002	0.155	0.000
16	ASJ007_02	(0)	2	0.325	0.046	0.415	0.005	0.193	0.017
17	ASJ007_03	(0)	2	0.374	0.052	0.395	0.049	0.125	0.004
18	Amac_001	(0)	3	0.085	0.018	0.006	0.332	0.558	0.000
19	Amac_002	(0)	3	0.007	0.054	0.001	0.352	0.586	0.000
20	Amac_003	(0)	3	0.043	0.021	0.001	0.507	0.401	0.027
21	Amac_004	(0)	3	0.000	0.090	0.001	0.345	0.563	0.000
22	Amac_007	(0)	3	0.038	0.048	0.068	0.351	0.495	0.000
23	Amac_008	(1)	3	0.017	0.110	0.077	0.240	0.556	0.000
24	Amac_016	(0)	3	0.086	0.006	0.054	0.301	0.553	0.000
25	Amac_018	(0)	3	0.046	0.059	0.011	0.384	0.500	0.000
26	Amac_020	(0)	3	0.087	0.000	0.078	0.390	0.445	0.000
27	Amac_022	(0)	3	0.019	0.039	0.001	0.375	0.529	0.038
28	Amac_027	(0)	3	0.085	0.087	0.015	0.318	0.495	0.000
29	C_Mad_051	(0)	4	0.029	0.046	0.044	0.550	0.290	0.042
30	C_Mad_052	(0)	4	0.013	0.043	0.003	0.593	0.295	0.053
31	C_Mad_055	(0)	4	0.076	0.047	0.061	0.538	0.231	0.048
32	C_Mad_058	(0)	4	0.042	0.007	0.001	0.300	0.436	0.214
33	Cairns_001	(1)	5	0.772	0.014	0.211	0.001	0.002	0.000
34	Cairns_005	(0)	5	0.733	0.019	0.239	0.001	0.008	0.000
35	Cairns_011	(1)	5	0.747	0.005	0.217	0.025	0.006	0.000
36	Cairns_013	(0)	5	1.000	0.000	0.000	0.000	0.000	0.000
37	Cairns_014	(0)	5	1.000	0.000	0.000	0.000	0.000	0.000
38	Cairns_015	(0)	5	0.982	0.000	0.016	0.001	0.000	0.000
39	Cairns_016	(0)	5	1.000	0.000	0.000	0.000	0.000	0.000
40	Cairns_017	(0)	5	1.000	0.000	0.000	0.000	0.000	0.000
41	Cairns_018	(0)	5	0.666	0.004	0.244	0.000	0.085	0.000
42	Cairns_022	(0)	5	0.715	0.004	0.257	0.001	0.024	0.000
43	Cairns_024	(0)	5	1.000	0.000	0.000	0.000	0.000	0.000
44	Cairns_025	(0)	5	0.655	0.001	0.222	0.115	0.002	0.006
45	Cal_022	(0)	6	0.002	0.034	0.033	0.605	0.244	0.083
46	Cal_023	(0)	6	0.004	0.000	0.051	0.565	0.281	0.099
47	CaliA_007	(0)	7	0.033	0.408	0.135	0.081	0.343	0.000
48	CaliA_008	(0)	7	0.039	0.403	0.140	0.092	0.326	0.000
49	CaliA_009	(0)	7	0.002	0.394	0.169	0.077	0.358	0.000
50	CaliA_010	(0)	7	0.000	0.380	0.103	0.001	0.515	0.000
51	CaliA_012	(0)	7	0.000	0.369	0.082	0.039	0.509	0.000
52	CaliA_013	(0)	7	0.047	0.361	0.131	0.130	0.330	0.000
53	CaliB_006	(0)	8	0.020	0.416	0.131	0.080	0.353	0.000
54	CaliB_007	(0)	8	0.088	0.344	0.123	0.070	0.375	0.000
55	CaliB_008	(1)	8	0.002	0.377	0.204	0.088	0.328	0.000
56	CaliB_009	(0)	8	0.050	0.418	0.141	0.081	0.309	0.000
57	CaliB_011	(0)	8	0.022	0.400	0.114	0.096	0.367	0.000
58	CaliB_012	(0)	8	0.081	0.400	0.089	0.106	0.323	0.000
59	Clovis_059	(1)	9	0.003	0.001	0.050	0.474	0.330	0.141
60	Clovis_062	(0)	9	0.040	0.002	0.001	0.622	0.265	0.070
61	D10w26_007	(1)	10	0.045	0.069	0.017	0.378	0.370	0.121
62	D10w29_009	(0)	10	0.000	0.123	0.002	0.235	0.504	0.135
63	D10w29_010	(0)	10	0.009	0.090	0.043	0.337	0.404	0.116
64	D11w25_001	(1)	10	0.010	0.140	0.049	0.313	0.392	0.095
65	D11w40_011	(0)	10	0.067	0.112	0.035	0.165	0.572	0.048
66	D11w40_012	(0)	10	0.068	0.053	0.028	0.341	0.446	0.063
67	D6w27_008	(0)	10	0.003	0.108	0.004	0.274	0.476	0.135
68	D6w30_005	(0)	10	0.046	0.077	0.014	0.335	0.388	0.141
69	D6w40_003	(0)	10	0.055	0.111	0.133	0.240	0.440	0.020
70	D7w26_004	(0)	10	0.037	0.144	0.024	0.256	0.411	0.128
71	D7w26_005	(0)	10	0.004	0.126	0.081	0.307	0.411	0.071
72	D7w30_004	(0)	10	0.031	0.110	0.039	0.184	0.510	0.127
73	FP_014	(0)	11	0.225	0.085	0.451	0.027	0.212	0.000
74	FP_027	(0)	11	0.221	0.059	0.434	0.002	0.284	0.000
75	FP_029	(0)	11	0.248	0.060	0.432	0.000	0.260	0.000
76	FP_037	(0)	11	0.218	0.091	0.447	0.000	0.243	0.000
77	FP_038	(0)	11	0.211	0.038	0.445	0.034	0.271	0.001
78	FP_040	(0)	11	0.236	0.058	0.448	0.000	0.258	0.000
79	FP_041	(0)	11	0.231	0.047	0.393	0.021	0.306	0.002
80	FP_042	(0)	11	0.225	0.056	0.433	0.054	0.232	0.000
81	FP_043	(0)	11	0.247	0.029	0.410	0.058	0.256	0.000
82	FP_046	(0)	11	0.330	0.061	0.350	0.040	0.217	0.002
83	FP_047	(0)	11	0.214	0.088	0.431	0.047	0.220	0.000
84	FP_048	(0)	11	0.298	0.078	0.407	0.001	0.215	0.000
85	Goud_001	(2)	12	0.005	0.010	0.019	0.000	0.378	0.589
86	Goud_003	(0)	12	0.001	0.002	0.000	0.000	0.216	0.781
87	Goud_004	(1)	12	0.000	0.000	0.000	0.000	0.033	0.966
88	Goud_005	(1)	12	0.030	0.037	0.006	0.000	0.214	0.713
89	Goud_006	(0)	12	0.001	0.024	0.001	0.000	0.337	0.638
90	Goud_007	(0)	12	0.003	0.009	0.001	0.000	0.384	0.602
91	Goud_008	(1)	12	0.000	0.001	0.000	0.000	0.263	0.735
92	Goud_009	(0)	12	0.001	0.045	0.003	0.000	0.537	0.414
93	Goud_010	(0)	12	0.067	0.013	0.021	0.001	0.319	0.579
94	Goud_011	(1)	12	0.001	0.001	0.000	0.000	0.416	0.582
95	Goud_012	(0)	12	0.004	0.028	0.002	0.000	0.391	0.575
96	Goud_02	(0)	12	0.001	0.020	0.001	0.000	0.606	0.373
97	HW_001	(0)	13	0.131	0.086	0.527	0.030	0.226	0.000
98	HW_002	(0)	13	0.158	0.063	0.577	0.000	0.201	0.000
99	HW_003	(2)	13	0.123	0.092	0.534	0.033	0.216	0.000
100	HW_004	(0)	13	0.199	0.011	0.542	0.000	0.248	0.000
101	HW_016	(0)	13	0.144	0.066	0.551	0.000	0.239	0.000
102	HW_019	(0)	13	0.222	0.049	0.491	0.001	0.235	0.001
103	Jac_001	(0)	14	0.000	0.997	0.000	0.000	0.003	0.000
104	Jac_002	(0)	14	0.013	0.918	0.003	0.040	0.018	0.007
105	Jac_003	(0)	14	0.004	0.960	0.035	0.000	0.001	0.000
106	Jac_004	(0)	14	0.000	0.965	0.000	0.023	0.003	0.008
107	Jac_005	(0)	14	0.000	0.988	0.000	0.010	0.001	0.000
108	Jac_006	(0)	14	0.000	0.946	0.000	0.000	0.053	0.000
109	Jac_007	(0)	14	0.000	0.995	0.000	0.001	0.004	0.000
110	Jac_008	(0)	14	0.000	0.999	0.000	0.000	0.001	0.000
111	Jac_009	(0)	14	0.000	0.999	0.000	0.000	0.000	0.000
112	Jac_010	(0)	14	0.007	0.880	0.000	0.031	0.080	0.003
113	Jac_011	(0)	14	0.001	0.997	0.000	0.001	0.002	0.000
114	Jac_012	(0)	14	0.000	0.999	0.000	0.000	0.000	0.000
115	Jac_013	(0)	14	0.000	0.949	0.000	0.000	0.050	0.000
116	Jac_014	(0)	14	0.000	0.944	0.000	0.003	0.052	0.000
117	Jac_015	(0)	14	0.000	0.967	0.000	0.001	0.031	0.001
118	Jac_016	(0)	14	0.000	0.999	0.000	0.000	0.000	0.000
119	Jac_017	(0)	14	0.000	0.983	0.000	0.016	0.000	0.000
120	Jac_018	(0)	14	0.022	0.967	0.000	0.010	0.000	0.001
121	Jac_019	(0)	14	0.000	0.981	0.000	0.018	0.000	0.000
122	Jac_020	(0)	14	0.001	0.935	0.000	0.009	0.056	0.000
123	Jac_021	(0)	14	0.000	0.999	0.000	0.000	0.000	0.000
124	Jac_022	(0)	14	0.001	0.958	0.041	0.000	0.000	0.000
125	Jac_023	(0)	14	0.000	0.946	0.000	0.053	0.000	0.000
126	Jac_024	(0)	14	0.000	0.962	0.008	0.000	0.029	0.000
127	Jac_025	(0)	14	0.000	0.995	0.002	0.002	0.001	0.000
128	Jac_026	(0)	14	0.000	0.921	0.000	0.079	0.000	0.000
129	Jac_027	(0)	14	0.022	0.975	0.001	0.001	0.002	0.000
130	Jac_028	(0)	14	0.001	0.972	0.001	0.026	0.000	0.000
131	Jac_036	(0)	14	0.042	0.045	0.001	0.426	0.427	0.059
132	Jac_041	(0)	14	0.000	0.999	0.000	0.000	0.000	0.000
133	Jac_076	(0)	14	0.000	0.998	0.000	0.000	0.002	0.000
134	Jac_078	(0)	14	0.001	0.914	0.000	0.000	0.085	0.000
135	Jac_079	(0)	14	0.000	0.950	0.000	0.002	0.044	0.003
136	Jac_081	(0)	14	0.001	0.998	0.001	0.000	0.000	0.000
137	Jac_082	(0)	14	0.002	0.977	0.000	0.020	0.001	0.000
138	Jac_083	(0)	14	0.001	0.982	0.016	0.000	0.001	0.000
139	Jac_086	(0)	14	0.001	0.984	0.000	0.000	0.014	0.000
140	Jac_090	(0)	14	0.000	0.999	0.000	0.000	0.001	0.000
141	Jac_091	(0)	14	0.000	0.996	0.000	0.000	0.003	0.000
142	Jac_092	(0)	14	0.000	0.983	0.000	0.001	0.015	0.000
143	Jac_094	(0)	14	0.000	0.995	0.000	0.000	0.004	0.000
144	Lun_001	(1)	15	0.000	0.000	0.000	0.000	0.000	1.000
145	Lun_008	(1)	15	0.000	0.000	0.000	0.001	0.000	0.998
146	Lun_009	(1)	15	0.000	0.000	0.000	0.000	0.000	1.000
147	Lun_010	(1)	15	0.000	0.000	0.000	0.000	0.000	1.000
148	Lun_011	(0)	15	0.000	0.000	0.000	0.000	0.000	1.000
149	Lun_012	(1)	15	0.000	0.000	0.000	0.000	0.000	1.000
150	Lun_013	(1)	15	0.000	0.000	0.000	0.000	0.000	1.000
151	Lun_014	(1)	15	0.000	0.000	0.001	0.008	0.000	0.990
152	Lun_015	(3)	15	0.002	0.001	0.008	0.028	0.001	0.961
153	Lun_016	(1)	15	0.000	0.000	0.000	0.000	0.000	1.000
154	Lun_017	(1)	15	0.000	0.000	0.000	0.000	0.000	1.000
155	Lun_02	(1)	15	0.000	0.000	0.000	0.000	0.000	1.000
156	Mar_001	(0)	16	0.001	0.600	0.040	0.000	0.354	0.005
157	Mar_003	(0)	16	0.045	0.474	0.096	0.023	0.362	0.000
158	Mar_004	(0)	16	0.014	0.563	0.029	0.000	0.393	0.000
159	Mar_005	(0)	16	0.095	0.491	0.073	0.052	0.289	0.000
160	Mar_006	(0)	16	0.028	0.521	0.124	0.055	0.272	0.000
161	Mar_007	(0)	16	0.044	0.503	0.093	0.001	0.359	0.000
162	Mar_008	(0)	16	0.000	0.489	0.059	0.001	0.450	0.000
163	Mar_009	(0)	16	0.056	0.534	0.073	0.034	0.297	0.006
164	Mar_011	(0)	16	0.032	0.510	0.048	0.014	0.396	0.000
165	Mar_012	(0)	16	0.053	0.528	0.067	0.005	0.346	0.000
166	Mar_013	(0)	16	0.052	0.392	0.034	0.049	0.470	0.003
167	Mar_02	(0)	16	0.049	0.468	0.071	0.127	0.285	0.000
168	NK_001	(12)	17	0.073	0.088	0.073	0.235	0.424	0.107
169	NK_002	(0)	17	0.064	0.098	0.021	0.064	0.712	0.042
170	NK_004	(2)	17	0.062	0.106	0.029	0.024	0.778	0.001
171	NK_006	(7)	17	0.058	0.161	0.041	0.073	0.620	0.047
172	NK_007	(0)	17	0.044	0.119	0.056	0.002	0.774	0.005
173	NK_008	(2)	17	0.109	0.150	0.020	0.023	0.672	0.026
174	NK_011	(3)	17	0.056	0.123	0.020	0.066	0.712	0.023
175	NK_012	(23)	17	0.110	0.067	0.140	0.082	0.448	0.154
176	NK_013	(2)	17	0.050	0.109	0.040	0.020	0.778	0.003
177	NK_016	(0)	17	0.073	0.091	0.017	0.074	0.745	0.001
178	NK_019	(0)	17	0.055	0.051	0.014	0.208	0.609	0.063
179	PR_045	(0)	18	0.094	0.168	0.102	0.057	0.571	0.008
180	PR_046	(0)	18	0.152	0.215	0.107	0.057	0.467	0.003
181	PR_047	(0)	18	0.095	0.194	0.111	0.037	0.563	0.000
182	PR_048	(0)	18	0.075	0.197	0.092	0.000	0.634	0.002
183	PR_049	(0)	18	0.106	0.202	0.100	0.002	0.591	0.001
184	PR_051	(0)	18	0.047	0.216	0.175	0.063	0.472	0.026
185	PR_052	(0)	18	0.073	0.141	0.159	0.123	0.502	0.001
186	PR_053	(0)	18	0.086	0.277	0.134	0.077	0.426	0.000
187	PR_054	(0)	18	0.108	0.179	0.146	0.075	0.491	0.000
188	PR_055	(0)	18	0.072	0.192	0.163	0.076	0.496	0.000
189	PR_056	(0)	18	0.067	0.196	0.140	0.007	0.579	0.010
190	PR_057	(0)	18	0.107	0.134	0.120	0.228	0.401	0.010
191	Sedh_001	(0)	19	0.032	0.037	0.001	0.006	0.366	0.559
192	Sedh_003	(0)	19	0.000	0.000	0.000	0.000	0.000	0.998
193	Sedh_004	(1)	19	0.000	0.000	0.000	0.000	0.000	1.000
194	Sedh_005	(0)	19	0.014	0.090	0.002	0.086	0.288	0.519
195	Sedh_006	(1)	19	0.000	0.000	0.000	0.000	0.000	1.000
196	Sedh_007	(1)	19	0.005	0.003	0.000	0.000	0.034	0.957
197	Sedh_009	(1)	19	0.000	0.000	0.000	0.000	0.000	1.000
198	Sedh_010	(3)	19	0.003	0.001	0.010	0.001	0.000	0.985
199	Sedh_011	(0)	19	0.024	0.030	0.001	0.000	0.286	0.659
200	Sedh_012	(1)	19	0.000	0.000	0.000	0.000	0.000	0.999
201	Sedh_013	(1)	19	0.026	0.056	0.013	0.098	0.066	0.741
202	Sedh_02	(0)	19	0.002	0.001	0.000	0.003	0.001	0.994
203	TH_01	(0)	20	0.050	0.004	0.944	0.000	0.002	0.000
204	TH_02	(0)	20	0.072	0.001	0.925	0.000	0.002	0.000
205	TH_03	(0)	20	0.034	0.000	0.966	0.000	0.000	0.000
206	TH_04	(0)	20	0.000	0.000	0.999	0.000	0.000	0.000
207	TH_05	(0)	20	0.000	0.000	1.000	0.000	0.000	0.000
208	TH_06	(0)	20	0.065	0.012	0.869	0.000	0.054	0.000
209	TH_07	(0)	20	0.000	0.000	0.999	0.000	0.000	0.000
210	TH_08	(0)	20	0.000	0.000	1.000	0.000	0.000	0.000
211	TH_09	(2)	20	0.056	0.021	0.921	0.001	0.001	0.000
212	TH_10	(0)	20	0.000	0.000	1.000	0.000	0.000	0.000
213	TH_11	(0)	20	0.003	0.000	0.997	0.000	0.000	0.000
214	TapaN_001	(1)	21	0.000	0.001	0.000	0.000	0.999	0.000
215	TapaN_002	(0)	21	0.062	0.001	0.001	0.083	0.854	0.000
216	TapaN_003	(0)	21	0.000	0.041	0.000	0.050	0.908	0.000
217	TapaN_004	(0)	21	0.000	0.002	0.000	0.003	0.995	0.000
218	TapaN_005	(0)	21	0.004	0.029	0.000	0.007	0.960	0.000
219	TapaN_006	(2)	21	0.001	0.001	0.000	0.019	0.977	0.001
220	TapaN_007	(0)	21	0.001	0.000	0.000	0.102	0.897	0.000
221	TapaN_008	(0)	21	0.000	0.071	0.001	0.001	0.927	0.000
222	TapaN_009	(0)	21	0.018	0.014	0.000	0.053	0.915	0.000
223	TapaN_010	(1)	21	0.001	0.013	0.000	0.062	0.924	0.000
224	TapaN_011	(0)	21	0.060	0.001	0.007	0.051	0.881	0.000
225	TapaN_012	(0)	21	0.000	0.003	0.001	0.091	0.905	0.000
226	Tucs_01	(0)	22	0.035	0.004	0.010	0.881	0.057	0.013
227	Tucs_02	(0)	22	0.000	0.000	0.000	0.920	0.000	0.080
228	Tucs_03	(0)	22	0.001	0.001	0.000	0.998	0.000	0.000
229	Tucs_04	(0)	22	0.000	0.000	0.000	0.999	0.000	0.000
230	Tucs_05	(0)	22	0.037	0.000	0.001	0.901	0.060	0.000
231	Tucs_06	(0)	22	0.000	0.022	0.064	0.908	0.005	0.000
232	Tucs_07	(0)	22	0.037	0.047	0.001	0.822	0.092	0.001
233	Tucs_08	(1)	22	0.015	0.001	0.000	0.983	0.000	0.000
234	Tucs_09	(0)	22	0.001	0.000	0.011	0.988	0.001	0.000
235	Tucs_10	(0)	22	0.000	0.000	0.000	0.999	0.000	0.000
236	Tucs_11	(0)	22	0.000	0.000	0.000	0.999	0.000	0.000
237	Tucs_12	(0)	22	0.030	0.005	0.028	0.737	0.199	0.000
